0
0
0.500000000000000
0.300000000000000
0
0
1.20000000000000
2.10000000000000
2
1.10000000000000
0.200000000000000
0.100000000000001
0.300000000000000
0
0.400000000000000
0.600000000000001
0.700000000000000
0.800000000000000
0.900000000000000
0.700000000000000
0.400000000000000
0.200000000000000
0.100000000000001
0.100000000000001
0
0.500000000000000
0.400000000000000
0.400000000000000
1
0.600000000000001
0.100000000000001
0
0.300000000000000
0.800000000000000
1
0.600000000000001
0.200000000000000
0.100000000000001
0
0
0
0.800000000000000
0.900000000000000
0.500000000000000
0.600000000000001
0.200000000000000
0.200000000000000
0.200000000000000
0.100000000000001
0.800000000000000
0.500000000000000
0
0
0
0.400000000000000
0.200000000000000
0.100000000000001
0.100000000000001
0.300000000000000
0.500000000000000
0.100000000000001
0
0.600000000000001
0.700000000000000
0.100000000000001
0.300000000000000
0.800000000000000
0.800000000000000
0.800000000000000
0.800000000000000
0.500000000000000
0
0
0.500000000000000
0.400000000000000
0.100000000000001
0
0.100000000000001
0.100000000000001
0.300000000000000
0.800000000000000
0.600000000000001
0
0.200000000000000
1.60000000000000
1.50000000000000
0.700000000000000
0.100000000000001
0.800000000000000
0.500000000000000
0.500000000000000
0.200000000000000
0
0.200000000000000
0.900000000000000
1.50000000000000
1.70000000000000
1.60000000000000
1.90000000000000
1.80000000000000
0.800000000000000
0.400000000000000
0
0.400000000000000
0.200000000000000
0.900000000000000
1.10000000000000
0.900000000000000
0.700000000000000
0.400000000000000
0.300000000000000
0.300000000000000
0
0.300000000000000
1.20000000000000
1.60000000000000
0.900000000000000
0
0.100000000000001
0.900000000000000
1
0.600000000000001
1.20000000000000
1.90000000000000
2.40000000000000
2.70000000000000
2.60000000000000
3
3.30000000000000
3
2.70000000000000
2.10000000000000
1.50000000000000
0.900000000000000
0.300000000000000
0.500000000000000
0.300000000000000
0.400000000000000
1
2.10000000000000
1.80000000000000
0.100000000000001
0.500000000000000
0.600000000000001
0.100000000000001
0.200000000000000
0.300000000000000
0.300000000000000
0
0
0.400000000000000
0.700000000000000
0.600000000000001
0.100000000000001
0.800000000000000
0.900000000000000
0.100000000000001
0.200000000000000
0.100000000000001
0.900000000000000
1.10000000000000
0.800000000000000
0.300000000000000
0
0
0.300000000000000
1
1
0.500000000000000
0.200000000000000
0
0.300000000000000
0.600000000000001
1
1.50000000000000
1.10000000000000
0.600000000000001
0.400000000000000
0.400000000000000
0.500000000000000
0.200000000000000
0
0.100000000000001
0.300000000000000
0.300000000000000
0.100000000000001
0.500000000000000
0.700000000000000
0.800000000000000
0.500000000000000
0.600000000000001
1.30000000000000
1
0.600000000000001
0.300000000000000
0
0
0
0
0
0.400000000000000
0.400000000000000
0.300000000000000
0.100000000000001
0.300000000000000
0.100000000000001
0
0.700000000000000
0.400000000000000
0.300000000000000
0.100000000000001
0
0.200000000000000
0.500000000000000
0.700000000000000
0.600000000000001
0.600000000000001
0.500000000000000
0.300000000000000
0.100000000000001
0
0
0.200000000000000
0.400000000000000
0
0
0.400000000000000
0.300000000000000
0
1
2.10000000000000
3
3.40000000000000
3.20000000000000
2.90000000000000
2.40000000000000
1.50000000000000
0.600000000000001
0.100000000000001
0
0.600000000000001
0.400000000000000
0.900000000000000
0.800000000000000
0.900000000000000
1.20000000000000
0.800000000000000
0.500000000000000
0.400000000000000
0.200000000000000
0
0.400000000000000
1.10000000000000
0.200000000000000
0.300000000000000
0
0.200000000000000
1.50000000000000
0.400000000000000
0.200000000000000
1
0.700000000000000
0
0
0.300000000000000
0
0.900000000000000
1.90000000000000
2
1.30000000000000
0.600000000000001
0.100000000000001
0.100000000000001
0.100000000000001
0.600000000000001
1
0.900000000000000
0.800000000000000
0.800000000000000
0.200000000000000
0
0
0.500000000000000
0.800000000000000
0.500000000000000
0.100000000000001
0.100000000000001
1
1.20000000000000
0.900000000000000
1.30000000000000
1.70000000000000
0.500000000000000
0.300000000000000
1.10000000000000
1.40000000000000
0.900000000000000
1.40000000000000
2.10000000000000
2.40000000000000
2.50000000000000
2
1.50000000000000
1
0.600000000000001
0.300000000000000
0
0.700000000000000
1.20000000000000
0.100000000000001
0
0
0.500000000000000
0.700000000000000
0.700000000000000
0.900000000000000
1.40000000000000
1.80000000000000
2.30000000000000
1.50000000000000
0.800000000000000
0.500000000000000
0.100000000000001
0.100000000000001
0.300000000000000
0
0.100000000000001
0
0.900000000000000
1.50000000000000
1.10000000000000
1.40000000000000
2.20000000000000
2.90000000000000
3.30000000000000
2.90000000000000
2.50000000000000
2
1.50000000000000
1.20000000000000
1.40000000000000
2
2.20000000000000
2.60000000000000
3.30000000000000
3
2
1
0.300000000000000
0
0.100000000000001
0.300000000000000
0.300000000000000
0
0.400000000000000
0.300000000000000
0
0.300000000000000
0.400000000000000
0.100000000000001
0.600000000000001
1.50000000000000
2.50000000000000
3.70000000000000
4.30000000000000
2.60000000000000
0.800000000000000
0
0.100000000000001
0.700000000000000
2.20000000000000
1.50000000000000
1.50000000000000
1.50000000000000
1.50000000000000
1.10000000000000
0.600000000000001
0.100000000000001
0.300000000000000
1
1
0.400000000000000
0.400000000000000
0
0.300000000000000
0.400000000000000
0.100000000000001
0.900000000000000
1.60000000000000
1
0.400000000000000
0.400000000000000
0.600000000000001
0.400000000000000
0.100000000000001
0.700000000000000
1
0.500000000000000
0.100000000000001
0.400000000000000
0.600000000000001
0.400000000000000
0.200000000000000
0
0.100000000000001
0.200000000000000
0.600000000000001
0.800000000000000
0.300000000000000
0.500000000000000
1.20000000000000
0.800000000000000
0
0.300000000000000
0.600000000000001
0.600000000000001
0.700000000000000
1
1.20000000000000
1.30000000000000
1
0.600000000000001
0.200000000000000
0.200000000000000
1.20000000000000
2.30000000000000
2.60000000000000
2.20000000000000
1.40000000000000
0.700000000000000
0
0.100000000000001
0.100000000000001
0.100000000000001
0.100000000000001
0.300000000000000
0.300000000000000
0
0.300000000000000
0.100000000000001
0.900000000000000
1.20000000000000
1
0.500000000000000
0.200000000000000
0.400000000000000
0.100000000000001
0
0.800000000000000
2.10000000000000
2.50000000000000
2.60000000000000
2
1.20000000000000
0.700000000000000
0.100000000000001
0.100000000000001
0.100000000000001
0
0.700000000000000
1.20000000000000
1.30000000000000
1
0.900000000000000
0.900000000000000
0.600000000000001
0.300000000000000
0.100000000000001
0.200000000000000
0.100000000000001
0.500000000000000
0.700000000000000
0.500000000000000
0.300000000000000
0.500000000000000
1.30000000000000
0.400000000000000
0.400000000000000
0.800000000000000
0.700000000000000
0.400000000000000
0.300000000000000
0.500000000000000
0.500000000000000
0
0.100000000000001
0.500000000000000
0.200000000000000
0.600000000000001
1.20000000000000
1.40000000000000
0.500000000000000
0.100000000000001
0.400000000000000
0.500000000000000
0
0.600000000000001
0.500000000000000
0.100000000000001
0.300000000000000
0.700000000000000
0.200000000000000
0.200000000000000
0.500000000000000
0.200000000000000
0.200000000000000
0.400000000000000
0.200000000000000
0
0.100000000000001
0.100000000000001
0.200000000000000
0.100000000000001
0.300000000000000
0.400000000000000
0.500000000000000
0.500000000000000
0.700000000000000
0.800000000000000
1.10000000000000
1.40000000000000
1.40000000000000
0.900000000000000
0.500000000000000
0.100000000000001
0.400000000000000
0.300000000000000
0
0.900000000000000
1.60000000000000
1.10000000000000
0.300000000000000
0
0.400000000000000
0.400000000000000
0.100000000000001
0.100000000000001
0.700000000000000
1.60000000000000
1.40000000000000
0.500000000000000
0.300000000000000
0.500000000000000
0.800000000000000
0.800000000000000
0.200000000000000
0.300000000000000
0.500000000000000
0
0.200000000000000
0.200000000000000
0.300000000000000
0.100000000000001
1
2.30000000000000
2.30000000000000
1.10000000000000
0.100000000000001
0.400000000000000
0.500000000000000
0.700000000000000
0.800000000000000
0.500000000000000
0.200000000000000
0.100000000000001
0.400000000000000
0.400000000000000
0
0.100000000000001
0
0
1.60000000000000
2.10000000000000
1.30000000000000
1.10000000000000
1.80000000000000
1.50000000000000
1.20000000000000
1
0.700000000000000
0.400000000000000
0.300000000000000
0
0.200000000000000
0.600000000000001
0.400000000000000
1
1.30000000000000
0.900000000000000
0.200000000000000
0.400000000000000
0.400000000000000
0.300000000000000
0.200000000000000
0.500000000000000
1.60000000000000
1.50000000000000
1.40000000000000
1.80000000000000
1.90000000000000
1.60000000000000
0.900000000000000
0.100000000000001
0.100000000000001
0.100000000000001
0.600000000000001
0.800000000000000
0.900000000000000
0.900000000000000
0.700000000000000
0.200000000000000
0.400000000000000
0.800000000000000
0
0.100000000000001
0.900000000000000
1.60000000000000
1.60000000000000
1.30000000000000
1.10000000000000
1.10000000000000
1.20000000000000
1
1.40000000000000
1.50000000000000
0.800000000000000
0.100000000000001
0.100000000000001
0.100000000000001
0.100000000000001
0.200000000000000
0.500000000000000
0.800000000000000
1.30000000000000
1.60000000000000
1.10000000000000
0.600000000000001
0.200000000000000
0
0
0.700000000000000
0.200000000000000
0.900000000000000
0
0
0.200000000000000
0.100000000000001
0
0.500000000000000
0.300000000000000
0
0.100000000000001
0.400000000000000
0.800000000000000
0.500000000000000
0.100000000000001
1
2.10000000000000
1.30000000000000
0.600000000000001
0.800000000000000
0.500000000000000
0.100000000000001
0.100000000000001
0.200000000000000
0
0.100000000000001
0.100000000000001
0.300000000000000
0
0
0
