4.30
4.30
4.80
4.60
4.30
4.30
5.50
6.40
6.30
5.40
4.50
4.40
4.60
4.30
4.70
4.90
5
5.10
5.20
5
4.70
4.50
4.40
4.40
4.30
4.80
4.70
4.70
5.30
4.90
4.40
4.30
4.60
5.10
5.30
4.90
4.50
4.40
4.30
4.30
4.30
5.10
5.20
4.80
4.90
4.50
4.50
4.50
4.40
5.10
4.80
4.30
4.30
4.30
4.70
4.50
4.40
4.40
4.60
4.80
4.40
4.30
4.90
5
4.40
4.60
5.10
5.10
5.10
5.10
4.80
4.30
4.30
4.80
4.70
4.40
4.30
4.40
4.40
4.60
5.10
4.90
4.30
4.50
5.90
5.80
5
4.40
5.10
4.80
4.80
4.50
4.30
4.50
5.20
5.80
6
5.90
6.20
6.10
5.10
4.70
4.30
4.70
4.50
5.20
5.40
5.20
5
4.70
4.60
4.60
4.30
4.60
5.50
5.90
5.20
4.30
4.40
5.20
5.30
4.90
5.50
6.20
6.70
7
6.90
7.30
7.60
7.30
7
6.40
5.80
5.20
4.60
4.80
4.60
4.70
5.30
6.40
6.10
4.40
4.80
4.90
4.40
4.50
4.60
4.60
4.30
4.30
4.70
5
4.90
4.40
5.10
5.20
4.40
4.50
4.40
5.20
5.40
5.10
4.60
4.30
4.30
4.60
5.30
5.30
4.80
4.50
4.30
4.60
4.90
5.30
5.80
5.40
4.90
4.70
4.70
4.80
4.50
4.30
4.40
4.60
4.60
4.40
4.80
5
5.10
4.80
4.90
5.60
5.30
4.90
4.60
4.30
4.30
4.30
4.30
4.30
4.70
4.70
4.60
4.40
4.60
4.40
4.30
5
4.70
4.60
4.40
4.30
4.50
4.80
5
4.90
4.90
4.80
4.60
4.40
4.30
4.30
4.50
4.70
4.30
4.30
4.70
4.60
4.30
5.30
6.40
7.30
7.70
7.50
7.20
6.70
5.80
4.90
4.40
4.30
4.90
4.70
5.20
5.10
5.20
5.50
5.10
4.80
4.70
4.50
4.30
4.70
5.40
4.50
4.60
4.30
4.50
5.80
4.70
4.50
5.30
5
4.30
4.30
4.60
4.30
5.20
6.20
6.30
5.60
4.90
4.40
4.40
4.40
4.90
5.30
5.20
5.10
5.10
4.50
4.30
4.30
4.80
5.10
4.80
4.40
4.40
5.30
5.50
5.20
5.60
6
4.80
4.60
5.40
5.70
5.20
5.70
6.40
6.70
6.80
6.30
5.80
5.30
4.90
4.60
4.30
5
5.50
4.40
4.30
4.30
4.80
5
5
5.20
5.70
6.10
6.60
5.80
5.10
4.80
4.40
4.40
4.60
4.30
4.40
4.30
5.20
5.80
5.40
5.70
6.50
7.20
7.60
7.20
6.80
6.30
5.80
5.50
5.70
6.30
6.50
6.90
7.60
7.30
6.30
5.30
4.60
4.30
4.40
4.60
4.60
4.30
4.70
4.60
4.30
4.60
4.70
4.40
4.90
5.80
6.80
8
8.60
6.90
5.10
4.30
4.40
5
6.50
5.80
5.80
5.80
5.80
5.40
4.90
4.40
4.60
5.30
5.30
4.70
4.70
4.30
4.60
4.70
4.40
5.20
5.90
5.30
4.70
4.70
4.90
4.70
4.40
5
5.30
4.80
4.40
4.70
4.90
4.70
4.50
4.30
4.40
4.50
4.90
5.10
4.60
4.80
5.50
5.10
4.30
4.60
4.90
4.90
5
5.30
5.50
5.60
5.30
4.90
4.50
4.50
5.50
6.60
6.90
6.50
5.70
5
4.30
4.40
4.40
4.40
4.40
4.60
4.60
4.30
4.60
4.40
5.20
5.50
5.30
4.80
4.50
4.70
4.40
4.30
5.10
6.40
6.80
6.90
6.30
5.50
5
4.40
4.40
4.40
4.30
5
5.50
5.60
5.30
5.20
5.20
4.90
4.60
4.40
4.50
4.40
4.80
5
4.80
4.60
4.80
5.60
4.70
4.70
5.10
5
4.70
4.60
4.80
4.80
4.30
4.40
4.80
4.50
4.90
5.50
5.70
4.80
4.40
4.70
4.80
4.30
4.90
4.80
4.40
4.60
5
4.50
4.50
4.80
4.50
4.50
4.70
4.50
4.30
4.40
4.40
4.50
4.40
4.60
4.70
4.80
4.80
5
5.10
5.40
5.70
5.70
5.20
4.80
4.40
4.70
4.60
4.30
5.20
5.90
5.40
4.60
4.30
4.70
4.70
4.40
4.40
5
5.90
5.70
4.80
4.60
4.80
5.10
5.10
4.50
4.60
4.80
4.30
4.50
4.50
4.60
4.40
5.30
6.60
6.60
5.40
4.40
4.70
4.80
5
5.10
4.80
4.50
4.40
4.70
4.70
4.30
4.40
4.30
4.30
5.90
6.40
5.60
5.40
6.10
5.80
5.50
5.30
5
4.70
4.60
4.30
4.50
4.90
4.70
5.30
5.60
5.20
4.50
4.70
4.70
4.60
4.50
4.80
5.90
5.80
5.70
6.10
6.20
5.90
5.20
4.40
4.40
4.40
4.90
5.10
5.20
5.20
5
4.50
4.70
5.10
4.30
4.40
5.20
5.90
5.90
5.60
5.40
5.40
5.50
5.30
5.70
5.80
5.10
4.40
4.40
4.40
4.40
4.50
4.80
5.10
5.60
5.90
5.40
4.90
4.50
4.30
4.30
5
4.50
5.20
4.30
4.30
4.50
4.40
4.30
4.80
4.60
4.30
4.40
4.70
5.10
4.80
4.40
5.30
6.40
5.60
4.90
5.10
4.80
4.40
4.40
4.50
4.30
4.40
4.40
4.60
4.30
4.30
4.30
