1	1.73
2	1.65
3	1.59
4	1.70
5	1.88
6	1.99
7	1.89
8	1.77
9	1.76
10	1.70
11	1.88
12	1.63
13	1.63
14	2.28
15	3.71
16	3.73
17	3.01
18	3.31
19	3.77
20	3.41
21	2.99
22	2.56
23	2.12
24	2.35
25	2.05
26	1.75
27	1.88
28	1.56
29	1.87
30	1.49
31	1.54
32	1.51
33	1.49
34	1.41
35	1.26
36	1.13
37	1.27
38	1.30
39	1.11
40	1.14
41	0.960
42	0.970
43	0.830
44	0.900
45	0.830
46	0.980
47	1.16
48	1.33
49	1.34
50	1.39
51	1.44
52	1.29
53	1.31
54	1.37
55	1.43
56	1.41
57	1.56
58	1.41
59	1.51
60	1.53
61	1.59
62	1.90
63	2.36
64	2.31
65	2.33
66	2.83
67	3.17
68	3.53
69	3.18
70	2.86
71	2.68
72	2.41
73	2.42
74	2.14
75	2.08
76	1.81
77	1.73
78	1.45
79	1.39
80	1.47
81	1.81
82	1.97
83	2.25
84	1.95
85	2.05
86	1.90
87	1.79
88	1.68
89	1.47
90	1.38
91	1.53
92	1.47
93	1.42
94	1.55
95	1.56
96	1.77
97	1.91
98	2.14
99	1.97
100	1.99
101	1.92
102	1.83
103	1.84
104	1.92
105	1.84
106	1.82
107	1.70
108	1.62
109	1.50
110	1.51
111	1.49
112	1.45
113	1.27
114	1.38
115	1.26
116	1.48
117	1.22
118	1.14
119	1.32
120	1.44
121	1.44
122	1.54
123	1.89
124	1.64
125	1.85
126	2.10
127	1.85
128	1.84
129	2.23
130	1.86
131	1.86
132	1.77
133	1.78
134	1.62
135	1.53
136	1.48
137	1.81
138	1.64
139	1.73
140	2.65
141	2.53
142	2.58
143	3.15
144	3.06
145	2.98
146	2.51
147	2.58
148	2.20
149	1.79
150	1.63
151	1.35
152	1.50
153	1.45
154	1.59
155	1.57
156	1.79
157	1.52
158	1.69
159	1.67
160	1.54
161	1.46
162	1.35
163	1.34
164	1.29
165	1.32
166	1.47
167	1.59
168	1.72
169	1.78
170	1.89
171	1.99
172	1.85
173	2.41
174	3.32
175	3.55
176	3.87
177	3.88
178	3.31
179	3.08
180	2.76
181	2.58
182	2.58
183	2.31
184	2.40
185	2.23
186	1.99
187	1.86
188	1.69
189	1.43
190	1.42
191	1.32
192	1.39
193	1.34
194	1.23
195	1.07
196	0.980
197	1.07
198	1.10
199	1.17
200	1.10
201	0.970
202	1.02
203	1.03
204	1.10
205	0.920
206	0.820
207	1.20
208	1.68
209	2.14
210	3.27
211	2.90
212	2.65
213	2.64
214	2.30
215	2.16
216	2.11
217	1.93
218	1.57
219	1.40
220	1.55
221	1.56
222	1.52
223	1.40
224	1.46
225	1.57
226	1.34
227	1.27
228	1.45
229	1.49
230	2.03
231	2.28
232	2.73
233	2.51
234	2.49
235	2.29
236	2.30
237	2.35
238	2.18
239	1.99
240	2.01
241	2.03
242	2.14
243	1.94
244	1.67
245	1.79
246	1.75
247	1.71
248	1.63
249	1.53
250	1.70
251	1.82
252	1.75
253	1.79
254	1.79
255	2.13
256	2.15
257	2.07
258	1.85
259	2.25
260	2
261	1.97
262	1.85
263	2.50
264	2.36
265	3.02
266	3.22
267	3.26
268	3.62
269	4.43
270	4.14
271	3.84
272	3.92
273	4.10
274	3.73
275	3.31
276	3.33
277	3.07
278	2.94
279	2.68
280	2.49
281	2.42
282	2.43
283	2.39
284	2.03
285	2.16666666666667
286	2.76
287	2.63
288	2.66
289	2.46
290	2.45
291	2.98
292	3.18
293	3.14
294	2.78
295	2.56
296	2.35
297	2.14
298	2.01
299	2.46
300	2.22
301	2.22
302	2.04
303	1.84
304	1.75
305	1.83
306	1.70
307	1.86
308	1.84
309	1.43
310	1.57
311	1.93
312	1.94
313	2.17
314	2.25
315	1.96
316	2.10
317	3.14
318	3.01
319	3.09
320	2.92
321	2.60
322	2.82
323	2.57
324	2.80
325	2.63
326	2.87
327	2.91
328	3.32
329	2.49
330	2.85
331	2.29
332	2.27
333	1.97
334	1.91
335	1.73
336	1.71
337	1.56
338	1.48
339	1.51
340	1.43
341	1.40
342	1.63
343	1.48
344	1.41
345	1.23
346	1.30
347	1.10
348	1.18
349	1.59
350	2.11
351	2.41
352	2.72
353	2.85
354	2.42
355	2.32
356	2.21
357	1.96
358	1.62
359	1.56
360	1.34
361	1.36
362	1.21
363	1.26
364	1.29
365	1.23
366	1.34
367	1.48
368	1.49
369	1.45
370	1.18
371	1.01
372	0.870
373	1.06
374	1.12
375	1.02
376	1.13
377	1.48
378	1.87
379	2.94
380	3.26
381	2.72
382	2.47
383	2.97
384	2.33
385	1.98
386	1.74
387	1.41
388	1.44
389	1.21
390	1.22
391	1.19
392	1.10
393	1.03
394	1.63
395	2.07
396	2.48
397	2.61
398	2.32
399	2.10
400	1.91
401	1.80
402	1.78
403	1.74
404	1.51
405	1.60
406	1.39
407	1.66
408	1.48
409	1.45
410	1.45
411	1.28
412	1.17
413	1.24
414	1.63
415	1.62
416	1.94
417	1.88
418	1.79
419	1.67
420	1.69
421	2.31
422	2.23
423	2.32
424	2.24
425	2.19
426	2.05
427	1.96
428	1.70
429	1.79
430	1.95
431	1.59
432	1.32
433	1.29
434	1.22
435	1.08
436	1.60
437	2.07
438	2.04
439	1.72
440	2.02
441	1.84
442	1.69
443	1.43
444	1.27
445	1.23
446	1.16
447	1.12
448	1.05
449	1.08
450	1.63
451	1.84
452	1.74
453	1.72
454	1.77
455	1.61
456	1.42
457	1.26
458	1.17
459	1.15
460	1.22
461	1.41
462	2.33
463	1.89
464	1.74
465	1.78
466	1.97
467	1.89
468	1.92
469	1.80
470	1.87
471	1.61
472	1.58
473	1.43
474	1.21
475	1.36
476	1.39
477	1.66
478	1.85
479	1.95
480	1.91
481	1.88
482	1.97
483	1.87
484	1.76
485	1.57
486	1.83
487	1.73
488	1.66
489	1.75
490	1.75
491	1.88
492	1.68
493	1.57
494	1.56
495	1.69
496	1.47
497	1.45
498	1.32
499	1.19
500	1.06
501	1.05
502	0.930
503	1.07
504	1.10
505	1.01
506	1.11
507	1.17
508	1.02
509	1.04
510	1.07
511	1
512	0.980
513	0.980
514	0.960
515	0.910
516	0.910
517	0.850
518	0.910
519	1.19
520	1.35
521	1.42
522	1.28
523	1.47
524	1.59
525	1.40
526	1.35
527	1.04
528	1.04
529	1.08
530	1.18
531	1.07
532	1.09
533	1.09
534	1.18
535	1.29
536	1.63
537	1.82
538	1.71
539	1.65
540	1.73
541	1.85
542	1.82
543	1.79
544	1.87
545	1.91
546	2.12
547	1.99
548	2.05
549	2.06
550	1.99
551	1.94
552	2.30
553	2.25
554	2.15
555	2.36
556	2.17
557	1.97
558	1.91
559	2
560	1.71
561	1.98
562	2.37
563	2.27
564	2.39
565	2.08
566	2.18
567	2.07
568	2.05
569	1.70
570	1.80
571	1.70
572	1.64
573	1.81
574	1.61
575	1.68
576	1.83
577	1.96
578	1.91
579	2.17
580	2.07
581	1.91
582	1.88
583	2
584	1.74
585	1.64
586	1.65
587	1.56
588	1.49
589	1.42
590	1.46
591	1.63
592	1.63
593	1.56
594	1.38
595	1.44
596	1.40
597	1.42
598	1.42
599	1.20
600	1.07
601	0.980
602	1.04
603	1.03
604	0.900
605	0.830
606	0.830
607	0.740
608	0.780
609	0.840
610	0.770
611	0.850
612	0.900
613	0.990
614	0.990
615	1.09
616	1.18
617	1.26
618	1.06
619	1.06
620	1.11
621	0.860
622	0.780
623	0.810
624	0.800
625	0.770
626	0.740
627	0.760
628	0.780
629	0.900
630	0.830
631	0.830
632	1.02
633	0.970
634	1.12
635	1.32
636	1.32
637	1.15
638	1.17
639	1.26
640	1.21
641	1.07
642	0.980
643	1.01
644	1.02
645	1
646	0.940
647	0.890
648	1.29
649	1.11
650	1.20
651	1.32
652	1.23
653	1.30
654	1.10
655	1.15
656	1.01
657	0.860
658	0.790
659	0.760
660	0.710
661	0.770
662	0.930
663	1.07
664	1.17
665	1.18
666	1.19
667	1.17
668	1.24
669	1.02
670	1.05
671	1.05
672	1.13
673	1.42
674	1.84
675	1.42
676	1.42
677	1.50
678	1.66
679	2.01
680	1.84
681	1.44
682	1.44
683	1.44
684	1.31
685	1.35
686	1.53
687	1.31
688	1.38
689	1.38
690	1.18
691	1.40
692	1.37
693	1.52
694	1.30
695	1.28
696	1.44
697	1.07
698	1.11
699	1.09
700	0.960
701	0.940
702	0.830
703	0.860
704	0.930
705	0.860
706	0.900
707	1.06
708	1.10
709	1.12
710	1.12
711	1.43
712	1.70
713	1.58
714	1.54
715	1.59
716	1.46
717	1.32
718	1.11
719	1.04
720	0.940
721	0.870
722	0.810
723	0.900
724	1.12
725	0.920
726	1.13
727	1.05
728	1.08
729	1.06
730	0.880
731	0.760
732	0.810
733	0.930
734	1.10
735	1.13
736	1.11
737	1.12
738	1.29
739	1.31
740	1.40
741	1.17
742	1.27
743	1.17
744	1.28
745	1.28
746	1.46
747	1.47
748	1.61
749	1.92
750	1.77
751	1.52
752	1.23
753	1.39
754	1.37
755	1.27
756	1.27
757	1.30
758	1.30
759	1.28
760	1.30
761	1.36
762	1.37
763	1.31
764	1.46
765	1.45
766	1.62
767	1.57
768	1.50
769	1.65
770	1.46
771	1.61
772	1.35
773	1.40
774	1.30
775	1.55
776	1.55
777	1.59
778	1.60
779	1.99
780	1.86
781	1.59
782	1.65
783	1.94
784	1.60
785	1.70
786	1.86
787	1.72
788	1.79
789	1.74
790	1.63
791	1.53
792	1.62
793	1.74
794	1.71
795	1.52
796	1.69
797	1.44
798	1.30
799	1.34
800	1.42
801	1.38
802	1.42
803	1.37
804	1.57
805	1.70
806	1.83
807	2.16
808	2.27
809	2.13
810	2.09
811	2.09
812	2.06
813	2.30
814	2.03
815	1.98
816	1.78
817	1.87
818	1.56
819	1.39
820	1.52
821	1.43
822	1.28
823	1.38
824	1.32
825	1.39
826	1.31
827	1.16
828	1.16
829	1.15
830	1.04
831	1.09
832	1.05
833	1.03
834	1
835	0.980
836	0.990
837	0.850
838	0.920
839	1.08
840	1.08
841	1.04
842	1.29
843	1.39
844	1.41
845	1.16
846	1.44
847	1.31
848	1.26
849	1.41
850	1.48
851	1.76
852	1.92
853	1.98
854	1.99
855	1.76
856	1.90
857	1.64
858	1.44
859	1.33
860	1.39
861	1.19
862	1.10
863	0.940
864	0.960
865	1.12
866	1.54
867	1.45
868	1.36
869	1.31
870	1.66
871	1.79
872	1.55
873	1.32
874	1.40
875	1.30
876	1.07
877	1.05
878	1.08
879	1.11
880	1.08
881	1.08
882	1.12
883	1.14
884	1.15
885	1.13
886	1.18
887	1.38
888	1.57
889	1.55
890	1.74
891	2.05
892	1.84
893	1.75
894	1.32
895	1.40
896	1.35
897	1.38
898	1.19
899	1.37
900	1.37
901	1.22
902	1.39
903	1.60
904	1.62
905	1.63
906	1.35
907	1.19
908	1.03
909	1.02
910	0.890
911	1.07
912	0.960
913	0.920
914	1
915	0.850
916	0.980
917	1.11
918	1.02
919	1.12
920	1.14
921	1.04
922	1.01
923	0.970
924	1.22
925	1.21
926	1.30
927	1.36
928	1.26
929	1.18
930	1.26
931	1.21
932	1.10
933	1.14
934	1.15
935	1.16
936	1.22
937	1.46
938	1.73
939	1.90
940	2.17
941	2.20
942	2.17
943	2.49
944	3.31
945	3.96
946	3.97
947	3.87
948	3.18
949	2.77
950	2.82
951	2.21
952	2.16
953	1.94
954	1.73
955	1.50
956	1.23
957	1.29
958	1.15
959	1.30
960	1.35
961	1.48
962	1.43
963	1.41
964	1.33
965	1.21
966	1.14
967	1.10
968	1.03
969	1.07
970	0.970
971	0.990
972	0.970
973	1.26
974	1.21
975	1.21
976	1.10
977	1.11
978	1.23
979	1.07
980	1.07
981	0.960
982	1.01
983	1.04
984	1.19
985	1.24
986	3.54
987	3.54
988	2.74
989	2.53
990	2.13
991	1.89
992	1.59
993	1.67
994	1.56
995	1.65
996	1.56
997	1.61
998	1.58
999	1.51
1000	2.05
1001	2.60
1002	3.06
1003	2.99
1004	2.93
1005	3.27
1006	3.09
1007	3.02
1008	2.81
1009	2.24
1010	2.13
1011	2.15
1012	2.02
1013	1.77
1014	1.57
1015	1.16
1016	1.16
1017	1.20
1018	1.35
1019	1.26
1020	1.33
1021	1.19
1022	0.970
1023	0.940
1024	1.22
1025	1.43
1026	1.59
1027	1.91
1028	1.87
1029	1.84
1030	1.55
1031	1.38
1032	1.70
1033	1.82
1034	2.46
1035	2.10
1036	2.33
1037	1.75
1038	1.31
1039	1.13
1040	1.09
1041	1.28
1042	1.14
1043	1.13
1044	1.32
1045	1.31
1046	1.24
1047	1.29
1048	1.23
1049	1.37
1050	1.34
1051	1.35
1052	1.24
1053	1.16
1054	1.13
1055	1
1056	1.12
1057	1.23
1058	1.21
1059	1.19
1060	1.10
1061	1.04
1062	1.16
1063	1.17
1064	1.44
1065	1.13
1066	1.21
1067	1.27
1068	1.35
1069	1.36
1070	1.30
1071	1.44
1072	1.44
1073	1.45
1074	1.51
1075	1.33
1076	1.44
1077	1.60
1078	1.39
1079	1.36
1080	1.38
1081	1.33
1082	1.38
1083	1.43
1084	1.32
1085	1.37
1086	1.36
1087	1.31
1088	1.35
1089	1.45
1090	1.46
1091	1.34
1092	1.29
1093	1.31
1094	1.19
1095	1.18
1096	1.19
1097	1.12
1098	1.17
1099	1.01
1100	1.01
1101	1.04
1102	1.16
1103	1.11
1104	1.30
1105	1.29
1106	1.55
1107	1.74
1108	1.66
1109	1.75
1110	2.13
1111	1.91
1112	1.81
1113	1.59
1114	1.60
1115	1.43
1116	1.57
1117	1.55
1118	1.68
1119	1.51
1120	1.57
1121	1.71
1122	1.65
1123	1.55
1124	1.35
1125	1.20
1126	1.28
1127	1.29
1128	1.25
1129	1.19
1130	1.29
1131	1.35
1132	1.19
1133	1.18
1134	1.16
1135	1.09
1136	1.33
1137	1.20
1138	1.18
1139	1.21
1140	1.41
1141	1.37
1142	1.43
1143	1.61
1144	1.38
1145	1.50
1146	1.39
1147	1.49
1148	1.61
1149	2.28
1150	2.40
1151	2.67
1152	3.26
1153	3.27
1154	3.70
1155	4.20
1156	4.86
1157	4.76
1158	3.36
1159	3.02
1160	2.68
1161	2.62
1162	2.22
1163	1.94
1164	1.53
1165	1.55
1166	1.76
1167	1.66
1168	1.20
1169	1.42
1170	1.62
1171	1.36
1172	1.79
1173	1.82
1174	1.48
1175	1.55
1176	1.71
1177	1.62
1178	1.47
1179	1.28
1180	1.24
1181	1.39
1182	1.14
1183	1.10
1184	0.960
1185	0.960
1186	0.900
1187	1.06
1188	1.48
1189	1.87
1190	2.39
1191	2.60
1192	2.53
1193	2.87
1194	2.83
1195	2.32
1196	2.48
1197	3.54
1198	3.35
1199	4.04
1200	3.94
1201	4.10
1202	3.75
1203	3.28
1204	3.02
1205	3.86
1206	4.83
1207	5.89
1208	5.14
1209	5.60
1210	5.39
1211	4.73
1212	4.30
1213	4.02
1214	3.98
1215	3.67
1216	3.10
1217	2.95
1218	2.69
1219	2.49
1220	2.33
1221	2.65
1222	2.21
1223	1.91
1224	2.24
1225	2.38
1226	1.96
1227	2.14
1228	2.13
1229	1.97
1230	2.03
1231	2.13
1232	1.80
1233	1.83
1234	1.60
1235	1.64
1236	1.56
1237	1.69
1238	1.61
1239	1.62
1240	1.47
1241	1.46
1242	1.48
1243	1.56
1244	1.74
1245	1.50
1246	1.31
1247	1.31
1248	1.05
1249	1.15
1250	0.930
1251	0.980
1252	0.850
1253	1.34
1254	1.74
1255	2.15
1256	2.30
1257	2.33
1258	2.26
1259	2.20
1260	2.65
1261	2.86
1262	2.79
1263	2.47
1264	2.87
1265	3.16
1266	3.39
1267	3.15
1268	3.07
1269	3.01
1270	2.73
1271	2.61
1272	2.44
1273	2.81
1274	2.26
1275	2.42
1276	2.58
1277	2.24
1278	2.23
1279	2.18
1280	1.88
1281	1.75
1282	1.94
1283	1.95
1284	2.19
1285	2.08
1286	2.28
1287	2.28
1288	2.53
1289	2.08
1290	1.99
1291	1.90
1292	1.87
1293	1.59
1294	1.66
1295	1.89
1296	1.77
1297	1.70
1298	1.61
1299	1.64
1300	1.86
1301	1.63
1302	1.46
1303	1.62
1304	1.68
1305	1.51
1306	1.69
1307	1.99
1308	1.88
1309	1.84
1310	2.06
1311	2.57
1312	3.12
1313	2.52
1314	2.36
1315	2.27
1316	2.59
1317	2.29
1318	2.15
1319	1.89
1320	1.71
1321	1.70
1322	1.55
1323	1.38
1324	1.33
1325	1.77
1326	1.95
1327	2.03
1328	1.75
1329	1.71
1330	2.02
1331	1.99
1332	1.81
1333	1.71
1334	1.52
1335	1.42
1336	1.59
1337	1.75
1338	2.37
1339	2.51
1340	3.15
1341	3.06
1342	2.68
1343	2.58
1344	3.35
1345	2.91
1346	3.16
1347	3.02
1348	2.90
1349	3.06
1350	3.03
1351	3.18
1352	3.14
1353	2.91
1354	2.85
1355	2.51
1356	2.49
1357	2.17
1358	2.92
1359	2.74
1360	2.55
1361	2.56
1362	2.40
1363	2.22
1364	2.01
1365	1.82
1366	1.93
1367	1.95
1368	2.16
1369	1.95
1370	1.90
1371	1.80
1372	1.66
1373	1.63
1374	1.83
1375	1.77
1376	1.89
1377	1.74
1378	1.80
1379	1.68
1380	1.57
1381	1.69
1382	1.94
1383	1.90
1384	1.86
1385	1.95
1386	2.47
1387	2.45
1388	2.23
1389	2.18
1390	2.34
1391	2.19
1392	2.04
1393	1.96
1394	1.86
1395	1.65
1396	1.70
1397	1.60
1398	1.69
1399	1.74
1400	1.76
1401	1.99
1402	2.28
1403	2.47
1404	1.94
1405	2
1406	1.99
1407	1.91
1408	1.83
1409	1.80
1410	1.63
1411	1.51
1412	1.33
1413	1.24
1414	1.24
1415	1.15
1416	1.07
1417	0.870
1418	1.02
1419	1.43
1420	1.89
1421	1.63
1422	1.45
1423	2.35
1424	2.05
1425	2.17
1426	2.07
1427	2.22
1428	2.32
1429	2.35
1430	4.06
1431	3.54
1432	3.40
1433	3.04
1434	2.98
1435	2.45
1436	2.64
1437	2.70
1438	2.39
1439	1.81
1440	1.42
1441	1.41
1442	1.27
1443	1.26
1444	1.24
1445	1.29
1446	1.20
1447	1.19
1448	1.12
1449	1.04
1450	1.19
1451	1.11
1452	1.05
1453	1.14
1454	1.48
1455	1.27
1456	1.25
1457	1.30
1458	1.42
1459	1.23
1460	1.16
1461	1
1462	1.86
1463	2.36
1464	2.58
1465	2.88
1466	3.12
1467	2.72
1468	2.61
1469	2.59
1470	2.45
1471	2.15
1472	2.01
1473	1.65
1474	1.53
1475	1.40
1476	1.24
1477	1.20
1478	1.15
1479	1.05
1480	1.05
1481	1.07
1482	1.17
1483	1.33
1484	1.20
1485	1.28
1486	1.38
1487	1.42
1488	1.47
1489	1.48
1490	1.64
1491	1.73
1492	1.86
1493	1.86
1494	1.72
1495	1.91
1496	2.14
1497	2.19
1498	2.29
1499	2.27
1500	2.20
1501	2.34
1502	2.15
1503	2.18
1504	2.30
1505	2.41
1506	2.20
1507	2.10
1508	2.21
1509	2.72
1510	2.55
1511	2.12
1512	2.08
1513	2.16
1514	2.23
1515	2.07
1516	2.79
1517	2.84
1518	3.01
1519	2.66
1520	2.39
1521	2.32
1522	2.59
1523	2.74
1524	2.69
1525	2.31
1526	2.07
1527	2.08
1528	1.94
1529	1.83
1530	1.71
1531	1.88
1532	1.75
1533	1.65
1534	1.67
1535	1.48
1536	1.35
1537	1.16
1538	1.13
1539	1.30
1540	1.16
1541	1.25
1542	2.14
1543	2.17
1544	2.18
1545	2.25
1546	1.79
1547	1.64
1548	1.57
1549	1.49
1550	1.28
1551	1.20
1552	1.14
1553	1.03
1554	1.02
1555	0.910
1556	1.05
1557	1.30
1558	1.64
1559	1.64
1560	1.84
1561	2.03
1562	1.98
1563	2.35
1564	2.56
1565	2.27
1566	3.23
1567	3.20
1568	3.21
1569	2.65
1570	2.41
1571	2.07
1572	1.76
1573	1.63
1574	1.63
1575	1.50
1576	1.62
1577	2.52
1578	2.74
1579	2.53
1580	2.37
1581	2.29
1582	2.06
1583	2.14
1584	2.30
1585	1.91
1586	1.96
1587	1.94
1588	1.97
1589	1.73
1590	1.64
1591	1.53
1592	1.42
1593	1.24
1594	1.23
1595	1.28
1596	1.47
1597	1.75
1598	1.79
1599	1.87
1600	1.97
1601	1.94
1602	1.75
1603	1.88
1604	2.04
1605	1.96
1606	2.08
1607	2.19
1608	1.95
1609	1.64
1610	1.52
1611	1.50
1612	1.52
1613	1.45
1614	1.28
1615	1.24
1616	1.15
1617	1.17
1618	1.41
1619	1.34
1620	1.29
1621	1.20
1622	1.23
1623	1.07
1624	1.13
1625	1.11
1626	1.28
1627	1.86
1628	2.27
1629	3.09
1630	3.49
1631	3.38
1632	3.24
1633	3.58
1634	3.14
1635	2.67
1636	2.44
1637	2.16
1638	2.13
1639	2.10
1640	1.75
1641	1.69
1642	1.53
1643	1.41
1644	1.31
1645	1.23
1646	1.35
1647	1.36
1648	1.24
1649	1.51
1650	1.48
1651	1.56
1652	1.50
1653	1.59
1654	1.90
1655	1.96
1656	2.06
1657	1.57
1658	1.98
1659	3.49
1660	3.52
1661	3.68
1662	3.62
1663	3.92
1664	3.69
1665	3.90
1666	3.22
1667	2.80
1668	2.66
1669	2.34
1670	2.10
1671	1.83
1672	1.58
1673	1.48
1674	1.29
1675	1.28
1676	1.53
1677	1.48
1678	1.57
1679	1.59
1680	1.92
1681	1.60
1682	1.88
1683	1.64
1684	1.74
1685	1.81
1686	1.92
1687	1.84
1688	2.12
1689	1.94
1690	1.81
1691	1.48
1692	1.59
1693	1.64
1694	1.84
1695	1.73
1696	2.10
1697	2.10
1698	1.67
1699	1.79
1700	1.88
1701	1.94
1702	1.56
1703	1.54
1704	1.50
1705	1.43
1706	1.40
1707	1.56
1708	1.95
1709	1.77
1710	2
1711	2.23
1712	2.14
1713	2.64
1714	1.95
1715	2.07
1716	3.42
1717	3.12
1718	2.59
1719	2.78
1720	2.54
1721	2.51
1722	2.02
1723	1.76
1724	1.53
1725	1.61
1726	1.21
1727	1.42
1728	1.65
1729	2.92
1730	2.96
1731	2.86
1732	4.03
1733	4.11
1734	3.73
1735	3.53
1736	3.64
1737	3.92
1738	3.88
1739	4
1740	4.26
1741	4.09
1742	3.72
1743	3.72
1744	3.64
1745	3.39
1746	2.84
1747	3.21
1748	3.13
1749	3.03
1750	3.05
1751	3.46
1752	3.34
1753	2.69
1754	2.82
1755	2.87
1756	2.36
1757	2.32
1758	2.10
1759	2.20
1760	2.24
1761	2.01
1762	2.18
1763	2.23
1764	1.99
1765	1.98
1766	2.08
1767	1.84
1768	1.84
1769	1.58
1770	1.70
1771	1.54
1772	1.57
1773	1.53
1774	1.61
1775	1.60
1776	1.45
1777	1.47
1778	1.31
1779	1.30
1780	1.08
1781	1.15
1782	1.14
1783	1.62
1784	1.90
1785	1.70
1786	1.23
1787	1.21
1788	1.16
1789	1.15
1790	1.31
1791	1.67
1792	1.45
1793	1.80
1794	1.77
1795	1.70
1796	1.31
1797	1.42
1798	1.35
1799	1.30
1800	1.47
1801	1.40
1802	1.25
1803	1.33
1804	1.26
1805	1.18
1806	1.16
1807	1.97
1808	2.23
1809	2.19
1810	2.32
1811	2.40
1812	1.92
1813	1.80
1814	1.74
1815	2
1816	1.94
1817	1.80
1818	2.11
1819	1.97
1820	1.96
1821	1.76
1822	1.50
1823	1.43
1824	1.53
1825	1.61
1826	1.92
1827	2.23
1828	2.29
1829	2.04
1830	2.33
1831	2.25
1832	2.21
1833	2.03
1834	1.50
1835	1.48
1836	1.40
1837	1.64
1838	1.61
1839	1.64
1840	1.66
1841	1.41
1842	1.49
1843	1.57
1844	1.64
1845	1.51
1846	1.90
1847	1.76
1848	1.76
1849	1.74
1850	1.75
1851	1.48
1852	1.31
1853	1.52
1854	1.63
1855	2.40
1856	2
1857	2.13
1858	2.20
1859	2.29
1860	2.04
1861	2.24
1862	2.24
1863	2.14
1864	1.93
1865	2
1866	1.98
1867	1.93
1868	1.83
1869	1.62
1870	1.72
1871	1.41
1872	1.49
1873	1.42
1874	1.78
1875	1.74
1876	1.57
1877	1.74
1878	1.92
1879	1.88
1880	1.98
1881	1.67
1882	1.73
1883	1.61
1884	1.52
1885	1.37
1886	1.30
1887	1.29
1888	1.22
1889	1.23
1890	1.30
1891	1.35
1892	1.38
1893	1.61
1894	1.61
1895	1.76
1896	2.05
1897	1.98
1898	2.14
1899	2.42
1900	2.18
1901	2.33
1902	2.31
1903	2.10
1904	1.97
1905	1.94
1906	1.62
1907	2.27
1908	2.01
1909	1.83
1910	2.08
1911	2.06
1912	1.90
1913	1.90
1914	2.03
1915	2.13
1916	2.01
1917	2
1918	1.88
1919	1.86
1920	1.83
1921	1.63
1922	1.57
1923	1.60
1924	1.93
1925	1.86
1926	1.75
1927	1.65
1928	1.80
1929	1.84
1930	1.82
1931	1.74
1932	2.23
1933	2.20
1934	2.11
1935	1.97
1936	1.85
1937	2.06
1938	2.01
1939	1.69
1940	2.10
1941	1.90
1942	2.04
1943	2
1944	2.02
1945	1.88
1946	2.09
1947	1.67
1948	1.61
1949	1.48
1950	1.49
1951	1.50
1952	1.35
1953	1.26
1954	1.22
1955	1.24
1956	1.21
1957	1.13
1958	1.17
1959	1.17
1960	1.21
1961	1.67
1962	1.37
1963	1.68
1964	1.83
1965	1.58
1966	1.41
1967	1.42
1968	1.41
1969	1.76
1970	1.63
1971	1.69
1972	1.48
1973	1.48
1974	1.65
1975	1.27
1976	1.32
1977	1.40
1978	1.65
1979	1.53
1980	1.80
1981	1.86
1982	2.10
1983	1.93
1984	2.68
1985	2.37
1986	2.62
1987	2.83
1988	2.38
1989	2.48
1990	3.05
1991	2.42
1992	1.73
1993	1.72
1994	1.74
1995	1.53
1996	1.47
1997	1.31
1998	1.21
1999	1.23
2000	1.12
2001	1.07
2002	1.06
2003	1.47
2004	2.62
2005	2.77
2006	2.33
2007	2.28
2008	1.99
2009	1.71
2010	1.79
2011	1.52
2012	1.46
2013	1.47
2014	1.29
2015	1.14
2016	1.20
2017	1.23
2018	1.25
2019	1.39
2020	1.33
2021	1.41
2022	1.35
2023	1.28
2024	1.21
2025	1.51
2026	1.46
2027	1.52
2028	1.61
2029	1.54
2030	1.74
2031	1.73
2032	1.70
2033	1.86
2034	1.89
2035	2.08
2036	1.95
2037	1.82
2038	1.94
2039	1.99
2040	1.91
2041	1.89
2042	1.71
2043	1.73
2044	1.67
2045	1.70
2046	1.56
2047	1.63
2048	1.70
2049	1.47
2050	1.72
2051	1.90
2052	1.66
2053	1.85
2054	1.80
2055	1.59
2056	1.59
2057	1.74
2058	1.87
2059	2.12
2060	2.01
2061	1.88
2062	1.94
2063	1.85
2064	1.83
2065	1.78
2066	1.73
2067	1.86
2068	1.87
2069	1.71
2070	1.60
2071	1.71
2072	1.57
2073	1.53
2074	1.43
2075	1.66
2076	1.83
2077	1.69
2078	1.63
2079	1.71
2080	1.75
2081	1.66
2082	1.73
2083	1.74
2084	1.82
2085	1.93
2086	1.82
2087	1.73
2088	1.82
2089	1.68
2090	1.56
2091	1.60
2092	1.57
2093	1.53
2094	1.71
2095	1.76
2096	1.69
2097	1.69
2098	1.78
2099	2.01
2100	2.15
2101	2.35
2102	2.31
2103	2.73
2104	2.80
2105	2.27
2106	2.29
2107	2.17
2108	1.85
2109	1.73
2110	1.79
2111	1.73
2112	1.65
2113	1.75
2114	1.64
2115	1.58
2116	1.51
2117	1.37
2118	1.32
2119	1.36
2120	1.52
2121	1.35
2122	1.59
2123	1.62
2124	1.71
2125	1.68
2126	1.87
2127	2.12
2128	1.85
2129	1.82
2130	1.53
2131	1.54
2132	1.70
2133	1.63
2134	1.68
2135	1.62
2136	1.54
2137	1.50
2138	1.50
2139	1.56
2140	1.41
2141	1.57
2142	1.65
2143	1.45
2144	1.47
2145	1.46
2146	1.49
2147	1.62
2148	2.27
2149	1.86
2150	1.65
2151	1.66
2152	1.64
2153	1.52
2154	1.67
2155	1.61
2156	1.54
2157	1.48
2158	1.55
2159	1.70
2160	1.72
2161	1.66
2162	1.96
2163	1.77
2164	1.67
2165	1.48
2166	1.62
2167	1.55
2168	1.58
2169	1.67
2170	1.44
2171	1.38
2172	1.34
2173	1.30
2174	1.59
2175	1.47
2176	1.40
2177	1.37
2178	1.20
2179	1.32
2180	1.23
2181	1.29
2182	1.25
2183	1.30
2184	1.21
2185	1.15
2186	0.980
2187	1.27
2188	1.51
2189	1.76
2190	1.58
2191	1.98
2192	1.91
2193	1.60
2194	1.54
2195	1.61
2196	1.54
2197	1.73
2198	1.57
2199	1.80
2200	1.77
2201	1.89
2202	1.99
2203	2.18
2204	2.36
2205	2.30
2206	2
2207	1.99
2208	1.93
2209	1.81
2210	1.57
2211	1.54
2212	1.46
2213	1.30
2214	1.53
2215	1.47
2216	1.49
2217	1.37
2218	1.37
2219	1.34
2220	1.51
2221	1.45
2222	1.41
2223	1.47
2224	1.56
2225	1.42
2226	1.59
2227	1.51
2228	1.53
2229	1.50
2230	1.34
2231	1.43
2232	1.40
2233	1.25
2234	1.18
2235	1.01
2236	0.780
2237	0.810
2238	0.860
2239	1
2240	0.850
2241	0.720
2242	0.880
2243	1.27
2244	1.27
2245	1.42
2246	1.58
2247	1.68
2248	1.65
2249	1.52
2250	1.31
2251	1.18
2252	1.06
2253	1.14
2254	1.10
2255	1.20
2256	1.20
2257	1.21
2258	1.27
2259	1.41
2260	1.35
2261	1.52
2262	1.52
2263	1.40
2264	1.27
2265	1.33
2266	1.42
2267	1.21
2268	1.08
2269	1.14
2270	1.04
2271	1.27
2272	1.28
2273	1.29
2274	1.50
2275	1.44
2276	1.24
2277	1.28
2278	1.22
2279	1.33
2280	1.28
2281	1.22
2282	1.11
2283	0.970
2284	0.950
2285	0.840
2286	0.860
2287	0.970
2288	1.02
2289	0.880
2290	0.930
2291	0.940
2292	0.990
2293	1.03
2294	1.24
2295	1.45
2296	1.41
2297	1.50
2298	1.70
2299	1.86
2300	1.71
2301	1.70
2302	1.75
2303	2.11
2304	2.57
2305	2.46
2306	2.17
2307	2.03
2308	1.76
2309	1.55
2310	1.42
2311	1.25
2312	1.22
2313	1.23
2314	1.33
2315	1.27
2316	1.39
2317	1.35
2318	1.29
2319	1.32
2320	1.31
2321	1.27
2322	1.24
2323	1.30
2324	1.20
2325	1.19
2326	1.23
2327	1.16
2328	1.10
2329	1.15
2330	1.10
2331	0.990
2332	0.970
2333	0.970
2334	0.970
2335	0.990
2336	0.980
2337	1.02
2338	1.05
2339	1.07
2340	1.14
2341	1.22
2342	1.32
2343	1.50
2344	1.37
2345	1.44
2346	1.64
2347	1.71
2348	1.85
2349	1.66
2350	1.68
2351	1.66
2352	1.78
2353	1.49
2354	1.36
2355	1.36
2356	1.34
2357	1.34
2358	1.34
2359	1.24
2360	1.20
2361	1.14
2362	1.09
2363	1.10
2364	1.14
2365	1.07
2366	1.09
2367	1.08
2368	0.990
2369	1.01
2370	1.14
2371	1
2372	1.06
2373	1.07
2374	1.17
2375	1.31
2376	1.42
2377	1.67
2378	2.14
2379	2.16
2380	2.04
2381	1.88
2382	1.93
2383	1.85
2384	1.83
2385	1.67
2386	1.72
2387	1.59
2388	1.57
2389	1.45
2390	1.56
2391	1.63
2392	1.41
2393	1.21
2394	1.42
2395	1.21
2396	1.15
2397	1.16
2398	1.09
2399	1
2400	1.07
2401	1.05
2402	0.980
2403	0.950
2404	1.02
2405	0.920
2406	0.840
2407	0.760
2408	0.810
2409	0.810
2410	0.810
2411	0.820
2412	0.860
2413	0.850
2414	1
2415	1.01
2416	1.15
2417	1.13
2418	1.40
2419	1.77
2420	1.82
2421	1.44
2422	1.49
2423	1.46
2424	1.20
2425	1.28
2426	1.18
2427	1.14
2428	1.17
2429	1.28
2430	1.28
2431	1.26
2432	1.45
2433	1.28
2434	1.19
2435	1.06
2436	1.14
2437	1.08
2438	1.11
2439	0.900
2440	0.990
2441	1.33
2442	1.30
2443	1.29
2444	1.41
2445	1.30
2446	1.34
2447	1.41
2448	1.41
2449	1.40
2450	1.49
2451	1.56
2452	1.69
2453	1.91
2454	2.09
2455	2.32
2456	2.31
2457	2.43
2458	2.21
2459	2.02
2460	1.83
2461	2.25
2462	2.25
2463	1.85
2464	2.41
2465	2.09
2466	2.23
2467	1.74
2468	1.65
2469	1.66
2470	1.60
2471	1.40
2472	1.40
2473	1.31
2474	1.13
2475	1.14
2476	1.16
2477	1.07
2478	0.990
2479	1.04
2480	1.06
2481	1.19
2482	1.09
2483	1.21
2484	1.39
2485	1.41
2486	1.29
2487	1.35
2488	1.48
2489	1.31
2490	1.27
2491	1.30
2492	1.14
2493	1.16
2494	1.18
2495	1.18
2496	1.15
2497	1.25
2498	1.14
2499	1.36
2500	1.23
2501	1.24
2502	1.21
2503	1.17
2504	1.16
2505	1.34
2506	1.22
2507	1.24
2508	1.22
2509	1.25
2510	1.35
2511	1.32
2512	1.33
2513	1.66
2514	1.84
2515	1.93
2516	1.69
2517	1.46
2518	1.33
2519	1.39
2520	1.52
2521	1.52
2522	1.47
2523	1.30
2524	1.18
2525	1.11
2526	1.01
2527	0.920
2528	0.870
2529	0.780
2530	0.720
2531	0.730
2532	0.740
2533	0.680
2534	0.770
2535	0.850
2536	1.21
2537	1.12
2538	1.31
2539	1.25
2540	1.16
2541	1.05
2542	0.930
2543	1.32
2544	1.62
2545	1.53
2546	1.42
2547	1.80
2548	1.53
2549	1.46
2550	1.35
2551	1.34
2552	1.40
2553	1.36
2554	1.07
2555	1.20
2556	1.31
2557	1.34
2558	1.30
2559	1.32
2560	1.19
2561	1.18
2562	1.05
2563	1.14
2564	1.01
2565	1.12
2566	1.25
2567	1.32
2568	1.48
2569	1.33
2570	1.25
2571	1.38
2572	1.62
2573	1.37
2574	1.66
2575	1.33
2576	1.31
2577	1.30
2578	1.13
2579	1.19
2580	1.06
2581	1.09
2582	1.26
2583	0.980
2584	0.890
2585	0.760
2586	1.04
2587	1
2588	0.800
2589	0.750
2590	0.840
2591	0.890
2592	0.750
2593	0.750
2594	1.02
2595	1.07
2596	1.09
2597	1.01
2598	1.19
2599	1.29
2600	1.36
2601	1.50
2602	1.49
2603	1.42
2604	1.24
2605	1.21
2606	1.20
2607	1.23
2608	1.15
2609	1.08
2610	1.10
2611	1.08
2612	1.45
2613	1.58
2614	1.41
2615	1.59
2616	1.43
2617	2.08
2618	1.65
2619	1.75
2620	1.61
2621	1.81
2622	1.59
2623	1.40
2624	1.61
2625	1.55
2626	1.68
2627	1.29
2628	1.38
2629	1.39
2630	1.30
2631	1.18
2632	1.23
2633	1.22
2634	1.14
2635	1.12
2636	1.09
2637	1.03
2638	0.960
2639	0.920
2640	0.890
2641	0.790
2642	0.750
2643	0.850
2644	0.810
2645	1.14
2646	1.31
2647	1.26
2648	1.30
2649	1.30
2650	1.21
2651	1.19
2652	1.13
2653	1.21
2654	1.18
2655	1.42
2656	1.32
2657	1.35
2658	1.41
2659	1.50
2660	1.56
2661	1.45
2662	1.43
2663	1.52
2664	1.49
2665	1.41
2666	1.53
2667	1.52
2668	1.46
2669	1.27
2670	1.35
2671	1.39
2672	1.41
2673	1.29
2674	1.50
2675	1.50
2676	1.62
2677	1.58
2678	1.53
2679	1.69
2680	2.04
2681	2.55
2682	2.48
2683	2.60
2684	2.45
2685	2.12
2686	2.18
2687	2.26
2688	2.15
2689	1.76
2690	1.79
2691	1.99
2692	2.03
2693	1.74
2694	1.59
2695	1.52
2696	1.59
2697	1.65
2698	1.78
2699	2.61
2700	2.78
2701	2.85
2702	3.76
2703	3.17
2704	2.55
2705	3.38
2706	3.55
2707	2.91
2708	2.69
2709	2.78
2710	2.55
2711	2.46
2712	2.47
2713	2.46
2714	2.39
2715	2.07
2716	1.97
2717	1.63
2718	1.79
2719	2.49
2720	2.17
2721	2.01
2722	1.79
2723	1.59
2724	1.46
2725	1.35
2726	1.47
2727	1.44
2728	1.41
2729	1.19
2730	1.23
2731	1.33
2732	1.31
2733	1.40
2734	1.58
2735	1.71
2736	3.18
2737	3.83
2738	4.04
2739	3.68
2740	3.43
2741	3.05
2742	3.21
2743	2.94
2744	2.99
2745	2.56
2746	2.35
2747	3.19
2748	2.86
2749	2.87
2750	3.15
2751	2.84
2752	2.69
2753	2.74
2754	2.91
2755	2.88
2756	2.91
2757	2.53
2758	3.11
2759	2.94
2760	2.49
2761	2.01
2762	1.89
2763	1.81
2764	1.94
2765	2.07
2766	2.26
2767	2.43
2768	2.52
2769	2.99
2770	2.68
2771	2.35
2772	2.60
2773	2.35
2774	2.76
2775	2.46
2776	1.96
2777	1.57
2778	1.47
2779	1.53
2780	1.72
2781	3.49
2782	4.10
2783	3.84
2784	3.57
2785	3.07
2786	2.52
2787	2.70
2788	2.48
2789	2.20
2790	1.95
2791	1.97
2792	1.88
2793	1.84
2794	1.96
2795	2.07
2796	2.46
2797	2.18
2798	2.23
2799	2.60
2800	2.32
2801	2.24
2802	2.38
2803	2.41
2804	2.06
2805	1.99
2806	1.92
2807	2.10
2808	2.06
2809	1.81
2810	1.64
2811	1.51
2812	1.37
2813	1.57
2814	1.36
2815	1.48
2816	1.27
2817	1.40
2818	1.31
2819	1.37
2820	1.67
2821	2.01
2822	2.12
2823	2.20
2824	2.63
2825	3.01
2826	2.81
2827	2.77
2828	2.54
2829	2.90
2830	2.77
2831	2.69
2832	2.23
2833	2.47
2834	2.52
2835	2.76
2836	2.57
2837	2.41
2838	2.53
2839	2.21
2840	2.14
2841	2
2842	1.89
2843	1.79
2844	1.55
2845	1.71
2846	1.68
2847	1.76
2848	1.60
2849	1.63
2850	1.87
2851	1.82
2852	1.63
2853	1.80
2854	1.72
2855	1.78
2856	2.01
2857	2.01
2858	2.54
2859	2.38
2860	2.25
2861	2.13
2862	2.14
2863	2.16
2864	2.61
2865	2.11
2866	2.04
2867	1.97
2868	2
2869	1.96
2870	2.24
2871	2.09
2872	2.16
2873	2.23
2874	2.38
2875	2.17
2876	2.12
2877	2.35
2878	2.63
2879	2.35
2880	2.41
2881	2.57
2882	2.78
2883	3.06
2884	2.83
2885	3.04
2886	3.08
2887	3
2888	2.91
2889	2.96
2890	2.67
2891	3.08
2892	3.09
2893	2.70
2894	2.68
2895	3.05
2896	2.87
2897	2.88
2898	2.41
2899	2.43
2900	2.39
2901	2.18
2902	2.30
2903	2.09
2904	2.20
2905	2.17
2906	2.08
2907	1.93
2908	2.01
2909	1.74
2910	1.73
2911	1.81
2912	1.48
2913	1.56
2914	1.47
2915	1.33
2916	1.65
2917	1.89
2918	1.92
2919	1.69
2920	1.76
2921	1.63
2922	1.76
2923	1.72
2924	1.61
2925	1.57
2926	1.54
2927	1.53
2928	1.62
2929	1.48
2930	1.74
2931	1.98
2932	2.16
2933	2.23
2934	2.06
2935	1.95
2936	1.89
2937	1.63
2938	1.68
2939	1.53
2940	1.49
2941	2.03
2942	2.73
2943	2.95
2944	3.49
2945	2.69
2946	2.85
2947	2.64
2948	2.65
2949	2.59
2950	2.16
2951	2.03
2952	2.09
2953	2.14
2954	2.22
2955	1.81
2956	2.47
2957	2.71
2958	2.46
2959	2.30
2960	2.54
2961	2.87
2962	2.44
2963	2.38
2964	2.52
2965	2.43
2966	2.50
2967	2.86
2968	2.83
2969	2.81
2970	2.60
2971	2.49
2972	2.24
2973	1.91
2974	1.82
2975	1.62
2976	1.67
2977	1.68
2978	1.67
2979	1.62
2980	1.72
2981	1.81
2982	1.76
2983	1.84
2984	1.56
2985	1.69
2986	1.73
2987	1.79
2988	2.06
2989	2
2990	1.92
2991	1.86
2992	2.12
2993	1.81
2994	1.61
2995	1.90
2996	1.95
2997	1.83
2998	1.68
2999	1.65
3000	1.62
3001	1.55
3002	2.05
3003	1.78
3004	1.76
3005	1.68
3006	1.38
3007	1.30
3008	1.37
3009	1.49
3010	1.57
3011	1.84
3012	2.08
3013	1.55
3014	1.70
3015	2.79
3016	2.99
3017	2.56
3018	2.82
3019	2.56
3020	2.10
3021	2.19
3022	2.19
3023	2.14
3024	1.89
3025	1.76
3026	1.79
3027	2.11
3028	2.14
3029	1.97
3030	1.85
3031	2.08
3032	2.49
3033	2.16
3034	2.04
3035	2.03
3036	2.15
3037	2.37
3038	2.41
3039	2.51
3040	2.07
3041	2.23
3042	2.31
3043	2.09
3044	2.19
3045	2.24
3046	2.29
3047	2.15
3048	2.34
3049	2.21
3050	2.30
3051	2.40
3052	2.70
3053	2.85
3054	3.06
3055	3.14
3056	2.80
3057	2.75
3058	2.82
3059	2.67
3060	2.64
3061	2.59
3062	2.22
3063	1.89
3064	1.83
3065	1.77
3066	2.15
3067	2.16
3068	2.03
3069	2.13
3070	2.28
3071	2.09
3072	2.20
3073	1.81
3074	1.95
3075	2.04
3076	2.01
3077	1.92
3078	1.83
3079	1.80
3080	2.07
3081	1.93
3082	1.78
3083	1.63
3084	1.65
3085	1.73
3086	1.62
3087	1.66
3088	1.52
3089	1.57
3090	1.49
3091	1.52
3092	1.53
3093	1.51
3094	1.66
3095	1.57
3096	1.59
3097	1.55
3098	1.59
3099	1.90
3100	2.03
3101	1.95
3102	2.16
3103	2
3104	1.79
3105	1.67
3106	1.90
3107	1.98
3108	2.09
3109	1.84
3110	1.74
3111	1.78
3112	1.86
3113	2.08
3114	2.35
3115	2.38
3116	2.43
3117	2.53
3118	2.47
3119	2.47
3120	2.37
3121	2.38
3122	2.39
3123	2.17
3124	2.17
3125	2.25
3126	2.31
3127	2.43
3128	2.11
3129	2.04
3130	2.47
3131	2.64
3132	2.48
3133	2.31
3134	2.07
3135	2.05
3136	2.19
3137	2.23
3138	1.89
3139	1.82
3140	1.88
3141	2.13
3142	1.89
3143	1.86
3144	1.62
3145	1.76
3146	1.59
3147	1.58
3148	1.46
3149	1.43
3150	1.40
3151	1.26
3152	1.20
3153	1.40
3154	1.38
3155	1.78
3156	1.63
3157	1.56
3158	1.45
3159	1.37
3160	1.55
3161	1.56
3162	1.59
3163	1.46
3164	1.42
3165	1.45
3166	1.28
3167	1.65
3168	2.14
3169	2.74
3170	2.65
3171	2.62
3172	2.39
3173	2.18
3174	1.99
3175	1.82
3176	2.49
3177	2.30
3178	1.84
3179	1.85
3180	1.68
3181	1.56
3182	1.57
3183	1.63
3184	1.45
3185	1.56
3186	1.58
3187	1.53
3188	1.79
3189	1.65
3190	1.50
3191	1.67
3192	1.47
3193	1.43
3194	1.64
3195	2.19
3196	2.05
3197	2.37
3198	2.40
3199	2.07
3200	1.69
3201	1.72
3202	1.60
3203	1.19
3204	1.28
3205	1.19
3206	1.17
3207	1.19
3208	1.03
3209	0.790
3210	0.990
3211	0.950
3212	1.04
3213	1
3214	1.04
3215	1.31
3216	2.39
3217	2.65
3218	2.82
3219	3.22
3220	2.75
3221	2.32
3222	2.04
3223	1.83
3224	1.85
3225	1.73
3226	1.88
3227	1.80
3228	1.52
3229	1.30
3230	1.47
3231	1.55
3232	1.71
3233	1.39
3234	1.20
3235	1.15
3236	1.04
3237	1.07
3238	1.24
3239	1.45
3240	1.95
3241	2.14
3242	1.99
3243	2.45
3244	1.81
3245	1.74
3246	1.67
3247	1.65
3248	1.73
3249	1.62
3250	1.45
3251	1.43
3252	1.20
3253	1.30
3254	1.06
3255	1.30
3256	1.37
3257	1.26
3258	1.20
3259	1.24
3260	1.22
3261	1.48
3262	1.82
3263	1.94
3264	1.71
3265	2.03
3266	2.55
3267	3.32
3268	3.21
3269	3.57
3270	4.80
3271	4.04
3272	3.91
3273	4.38
3274	3.73
3275	3.38
3276	2.55
3277	2.33
3278	2.46
3279	2.32
3280	2.14
3281	2.14
3282	1.98
3283	1.78
3284	1.64
3285	1.55
3286	1.96
3287	2.29
3288	2.24
3289	2.26
3290	1.87
3291	2.31
3292	2.20
3293	2.46
3294	2.62
3295	2.61
3296	2.43
3297	2.16
3298	2.36
3299	2.40
3300	2.50
3301	2.01
3302	2.07
3303	2.14
3304	2.31
3305	2.36
3306	2.19
3307	1.93
3308	1.66
3309	1.66
3310	1.70
3311	1.64
3312	1.73
3313	1.71
3314	1.67
3315	1.84
3316	2.16
3317	1.79
3318	2.06
3319	2.01
3320	2.17
3321	1.62
3322	1.73
3323	1.35
3324	1.68
3325	1.93
3326	2.02
3327	2.31
3328	2.19
3329	2.31
3330	2.01
3331	1.80
3332	1.67
3333	1.63
3334	1.75
3335	1.55
3336	1.46
3337	1.89
3338	1.84
3339	1.96
3340	1.94
3341	1.75
3342	1.74
3343	1.53
3344	1.51
3345	1.33
3346	1.27
3347	1.48
3348	1.41
3349	1.71
3350	1.93
3351	1.82
3352	1.77
3353	1.77
3354	2.21
3355	2.69
3356	2.57
3357	2.59
3358	2.30
3359	2.18
3360	2.39
3361	2.23
3362	2.31
3363	2.34
3364	2.15
3365	2.14
3366	2.06
3367	2.30
3368	2.35
3369	2.11
3370	1.93
3371	1.55
3372	1.57
3373	1.60
3374	1.58
3375	1.34
3376	1.36
3377	1.28
3378	1.26
3379	1.13
3380	1.11
3381	1.05
3382	1.04
3383	1.15
3384	1.44
3385	2.18
3386	2.28
3387	2.28
3388	1.70
3389	2.21
3390	1.96
3391	1.75
3392	1.38
3393	1.33
3394	1.37
3395	1.16
3396	1.03
3397	1.07
3398	1.07
3399	1.11
3400	1.10
3401	1.11
3402	1.11
3403	1.16
3404	1.30
3405	1.48
3406	1.56
3407	1.72
3408	2.08
3409	2.11
3410	2.04
3411	2.28
3412	1.77
3413	2.12
3414	1.93
3415	1.86
3416	1.92
3417	1.90
3418	1.75
3419	1.65
3420	1.46
3421	1.24
3422	1.33
3423	1.20
3424	1.73
3425	1.28
3426	1.38
3427	1.33
3428	1.31
3429	1.42
3430	1.59
3431	1.55
3432	1.40
3433	1.56
3434	1.40
3435	1.39
3436	1.35
3437	1.47
3438	1.60
3439	2.46
3440	1.95
3441	1.98
3442	1.92
3443	1.87
3444	2.01
3445	1.97
3446	1.97
3447	2.30
3448	2.42
3449	2.52
3450	2.13
3451	2.11
3452	1.84
3453	1.92
3454	1.75
3455	1.66
3456	1.84
3457	1.62
3458	1.64
3459	1.57
3460	1.51
3461	1.67
3462	1.58
3463	1.60
3464	1.55
3465	1.55
3466	1.34
3467	1.28
3468	1.18
3469	1.09
3470	1.46
3471	1.25
3472	1.38
3473	1.31
3474	1.27
3475	1.30
3476	1.45
3477	1.56
3478	1.63
3479	1.63
3480	2.15
3481	2.11
3482	1.72
3483	1.54
3484	1.79
3485	1.57
3486	1.43
3487	1.29
3488	1.26
3489	1.06
3490	0.980
3491	1.09
3492	1.05
3493	1.04
3494	0.950
3495	0.880
3496	0.850
3497	0.890
3498	0.940
3499	1.06
3500	1.17
3501	1.19
3502	1.09
3503	1.02
3504	0.950
3505	0.960
3506	0.950
3507	0.870
3508	1.04
3509	0.980
3510	1.14
3511	1.25
3512	1.19
3513	1.33
3514	1.16
3515	1.01
3516	1.16
3517	1.08
3518	1.10
3519	1.01
3520	1.04
3521	1.02
3522	1.03
3523	0.930
3524	1.06
3525	1.03
3526	1.12
3527	1.04
3528	1.20
3529	1.12
3530	1.12
3531	1.24
3532	1.16
3533	1.21
3534	0.970
3535	1.02
3536	1.67
3537	2.15
3538	2.37
3539	2.25
3540	2.03
3541	1.92
3542	1.83
3543	1.69
3544	2.29
3545	2.16
3546	1.86
3547	1.83
3548	1.47
3549	1.31
3550	1.36
3551	1.33
3552	1.49
3553	1.45
3554	1.42
3555	1.62
3556	1.58
3557	1.57
3558	1.49
3559	1.54
3560	1.44
3561	1.39
3562	1.26
3563	1.25
3564	1.27
3565	1.17
3566	1.01
3567	1.04
3568	1.07
3569	1
3570	1.06
3571	1.01
3572	0.980
3573	0.900
3574	0.930
3575	1.03
3576	1.05
3577	1
3578	1.02
3579	0.950
3580	0.890
3581	0.860
3582	0.870
3583	0.940
3584	1.05
3585	1.05
3586	1.02
3587	1.01
3588	0.970
3589	0.950
3590	0.880
3591	0.880
3592	0.930
3593	0.980
3594	0.930
3595	0.930
3596	0.950
3597	0.950
3598	0.860
3599	0.940
3600	0.970
3601	0.900
3602	0.840
3603	0.850
3604	0.770
3605	0.770
3606	0.860
3607	0.850
3608	0.920
3609	0.940
3610	1.10
3611	1.08
3612	1.02
3613	1.16
3614	1.19
3615	1.24
3616	1.21
3617	1.17
3618	1.01
3619	1
3620	0.940
3621	0.920
3622	1.25
3623	1.04
3624	1.12
3625	1.24
3626	1.23
3627	1.23
3628	1.05
3629	1.02
3630	1.06
3631	1.23
3632	1.11
3633	1.07
3634	1.17
3635	1.31
3636	1.24
3637	1.24
3638	1.05
3639	1.18
3640	1.37
3641	1.13
3642	1.19
3643	1.27
3644	1.06
3645	1.10
3646	1.36
3647	1.01
3648	1.04
3649	1.07
3650	1
3651	1.10
3652	1.11
3653	1.24
3654	1.30
3655	1.27
3656	1.25
3657	1.22
3658	1.02
3659	1.08
3660	1.06
3661	1.07
3662	1.09
3663	1.13
3664	1.15
3665	1.16
3666	1.08
3667	1.13
3668	1.15
3669	1.34
3670	1.33
3671	1.46
3672	1.65
3673	1.61
3674	1.74
3675	1.65
3676	1.69
3677	1.65
3678	1.52
3679	1.40
3680	1.34
3681	1.28
3682	1.20
3683	1.24
3684	1.20
3685	1.19
3686	1.15
3687	1.57
3688	1.51
3689	1.52
3690	1.50
3691	1.51
3692	1.31
3693	1.34
3694	1.57
3695	1.29
3696	1.23
3697	1.31
3698	1.22
3699	1.05
3700	1.09
3701	1.01
3702	1.10
3703	1.05
3704	1
3705	0.970
3706	1.01
3707	0.980
3708	0.880
3709	0.990
3710	0.950
3711	1.17
3712	1.48
3713	1.77
3714	1.62
3715	1.59
3716	1.66
3717	1.84
3718	1.65
3719	1.73
3720	1.69
3721	1.74
3722	1.69
3723	1.65
3724	1.50
3725	1.57
3726	1.45
3727	1.42
3728	1.37
3729	1.22
3730	1.13
3731	1.11
3732	1.13
3733	1.10
3734	1.19
3735	1.23
3736	1.28
3737	1.19
3738	1.24
3739	1.46
3740	1.35
3741	1.33
3742	1.32
3743	1.24
3744	1.23
3745	1.03
3746	1.13
3747	1.27
3748	1.38
3749	1.49
3750	1.63
3751	1.46
3752	1.38
3753	1.33
3754	1.35
3755	1.27
3756	1.27
3757	1.22
3758	1.26
3759	1.15
3760	1.07
3761	0.880
3762	1.01
3763	1
3764	1.08
3765	0.940
3766	1.03
3767	1.11
3768	1.31
3769	1.22
3770	1.38
3771	1.42
3772	1.40
3773	1.67
3774	1.41
3775	1.40
3776	1.29
3777	1.27
3778	1.27
3779	1.28
3780	1.19
3781	1.35
3782	2.16
3783	2.51
3784	2.44
3785	2.18
3786	1.73
3787	1.62
3788	1.45
3789	1.27
3790	1.24
3791	1.40
3792	1.26
3793	1.38
3794	1.46
3795	1.47
3796	1.36
3797	1.20
3798	1.13
3799	1.26
3800	1.29
3801	1.22
3802	1.07
3803	1.07
3804	1.01
3805	1.02
3806	0.960
3807	0.960
3808	1.01
3809	1.03
3810	0.960
3811	0.900
3812	0.890
3813	0.920
3814	0.980
3815	0.930
3816	0.910
3817	1
3818	1.10
3819	1.07
3820	1.13
3821	1.12
3822	1.24
3823	1.39
3824	1.62
3825	1.39
3826	1.47
3827	1.29
3828	1.22
3829	0.910
3830	1.02
3831	1.05
3832	1.05
3833	1.08
3834	1.08
3835	1.05
3836	0.980
3837	1.10
3838	1.15
3839	1.17
3840	1.49
3841	1.31
3842	1.20
3843	1.06
3844	1.07
3845	0.920
3846	0.910
3847	0.840
3848	0.810
3849	0.830
3850	1.03
3851	1.01
3852	1.01
3853	1.06
3854	1.12
3855	1.11
3856	1.15
3857	1.13
3858	1.26
3859	1.61
3860	1.73
3861	2.23
3862	2.63
3863	2.88
3864	2.45
3865	2.28
3866	2.26
3867	2.29
3868	2.26
3869	2.36
3870	2.63
3871	3.08
3872	3.26
3873	3.41
3874	3.60
3875	3.75
3876	3.18
3877	3.18
3878	2.45
3879	2.17
3880	1.79
3881	1.61
3882	1.44
3883	1.76
3884	1.41
3885	1.44
3886	1.60
3887	1.65
3888	1.60
3889	1.36
3890	1.35
3891	1.19
3892	1.43
3893	1.19
3894	1.08
3895	1.04
3896	1.11
3897	1.09
3898	1.19
3899	1.02
3900	1.14
3901	1.09
3902	1.24
3903	1.19
3904	1.28
3905	1.34
3906	1.37
3907	1.19
3908	1.19
3909	1.10
3910	0.960
3911	0.990
3912	1.14
3913	1.35
3914	1.38
3915	1.34
3916	1.24
3917	1.13
3918	0.990
3919	0.980
3920	0.920
3921	0.860
3922	0.860
3923	0.810
3924	0.790
3925	0.800
3926	0.760
3927	0.820
3928	0.920
3929	0.920
3930	0.970
3931	0.770
3932	0.780
3933	0.580
3934	0.640
3935	0.660
3936	0.650
3937	0.560
3938	0.640
3939	0.620
3940	0.690
3941	0.770
3942	0.760
3943	0.760
3944	0.760
3945	0.730
3946	0.710
3947	0.780
3948	0.750
3949	1.01
3950	1.03
3951	1.07
3952	1.09
3953	1.24
3954	1.21
3955	1.29
3956	1.25
3957	1.47
3958	1.66
3959	1.75
3960	2.01
3961	2.25
3962	1.63
3963	1.61
3964	1.30
3965	1.25
3966	1.23
3967	1.18
3968	0.940
3969	0.900
3970	0.830
3971	0.820
3972	1.29
3973	1.23
3974	1.18
3975	1.26
3976	1.19
3977	1.11
3978	1.30
3979	1.15
3980	1.02
3981	1.08
3982	1.21
3983	1.15
3984	1.20
3985	1.36
3986	1.54
3987	1.81
3988	1.70
3989	1.61
3990	1.49
3991	1.56
3992	1.60
3993	1.44
3994	1.46
3995	1.56
3996	1.38
3997	1.41
3998	1.54
3999	1.52
4000	1.45
4001	1.57
4002	1.63
4003	1.52
4004	1.59
4005	1.39
4006	1.49
4007	1.24
4008	1.30
4009	1.14
4010	1.26
4011	1.03
4012	1.08
4013	1.23
4014	1
4015	1.09
4016	1.12
4017	1.13
4018	1.05
4019	1.02
4020	0.960
4021	0.900
4022	0.720
4023	0.730
4024	0.800
4025	0.760
4026	0.790
4027	0.680
4028	0.610
4029	0.650
4030	0.710
4031	0.890
4032	1.45
4033	1.45
4034	1.56
4035	1.41
4036	1.53
4037	1.30
4038	1.37
4039	1.29
4040	1.03
4041	1.08
4042	1.06
4043	1.11
4044	1.17
4045	1.20
4046	1.30
4047	1.46
4048	1.31
4049	1.32
4050	1.26
4051	1.32
4052	1.49
4053	1.71
4054	1.91
4055	1.97
4056	2.20
4057	2.30
4058	2.37
4059	2.39
4060	2.16
4061	2.01
4062	1.91
4063	1.74
4064	2.11
4065	1.88
4066	2.05
4067	2.01
4068	1.91
4069	1.97
4070	1.94
4071	2.27
4072	2.68
4073	3.71
4074	3.61
4075	7.07
4076	7.85
4077	5.69
4078	4.98
4079	3.77
4080	4.19
4081	3.13
4082	3.20
4083	3.21
4084	3.08
4085	3.04
4086	3.38
4087	3.54
4088	2.75
4089	1.94
4090	2.04
4091	1.92
4092	1.69
4093	1.36
4094	1.30
4095	1.28
4096	1.23
4097	1.19
4098	1.10
4099	1.25
4100	1.47
4101	1.54
4102	1.36
4103	1.24
4104	1.16
4105	1.11
4106	0.970
4107	0.860
4108	0.940
4109	0.880
4110	0.830
4111	0.940
4112	0.980
4113	1.29
4114	1.52
4115	1.99
4116	2.07
4117	2.04
4118	1.90
4119	1.91
4120	2.35
4121	1.81
4122	1.58
4123	1.39
4124	1.27
4125	1.52
4126	1.73
4127	1.58
4128	1.31
4129	1.95
4130	1.69
4131	1.58
4132	1.71
4133	1.79
4134	1.58
4135	1.41
4136	1.44
4137	1.61
4138	1.49
4139	1.36
4140	1.20
4141	1.53
4142	1.26
4143	1.21
4144	1.13
4145	1.08
4146	1.13
4147	1.02
4148	1.43
4149	2.56
4150	2.78
4151	2.35
4152	2.92
4153	3.24
4154	3.49
4155	3.75
4156	3.30
4157	3.46
4158	3.71
4159	4.12
4160	3.51
4161	2.73
4162	2.78
4163	2.91
4164	1.99
4165	1.90
4166	1.83
4167	1.76
4168	1.70
4169	1.51
4170	1.34
4171	1.38
4172	1.37
4173	1.48
4174	1.58
4175	1.42
4176	1.80
4177	1.52
4178	1.63
4179	1.42
4180	1.45
4181	1.32
4182	1.44
4183	1.60
4184	1.48
4185	1.41
4186	1.46
4187	1.43
4188	1.30
4189	1.24
4190	1.17
4191	1.26
4192	1.38
4193	1.27
4194	1.22
4195	1.25
4196	1.14
4197	1.09
4198	0.970
4199	0.990
4200	0.880
4201	1
4202	1.16
4203	1.26
4204	1.53
4205	1.90
4206	2.30
4207	2.10
4208	1.95
4209	2.03
4210	1.96
4211	1.74
4212	1.77
4213	1.62
4214	1.65
4215	1.61
4216	1.66
4217	1.42
4218	1.38
4219	1.47
4220	1.90
4221	1.78
4222	2.13
4223	2.04
4224	1.87
4225	1.72
4226	2.03
4227	2.16
4228	2.59
4229	2.66
4230	3.03
4231	3.03
4232	2.84
4233	2.86
4234	2.80
4235	2.52
4236	2.53
4237	2.30
4238	2.63
4239	2.48
4240	2.62
4241	2.59
4242	2.85
4243	2.35
4244	2.27
4245	2.02
4246	2.14
4247	2.22
4248	2.11
4249	1.83
4250	1.98
4251	1.76
4252	1.60
4253	1.78
4254	2.03
4255	2.39
4256	2.65
4257	2.54
4258	2.90
4259	2.59
4260	3.26
4261	3.19
4262	3.29
4263	3.28
4264	3.16
4265	3.47
4266	2.80
4267	2.54
4268	2.85
4269	2.59
4270	2.55
4271	2.48
4272	2.89
4273	2.53
4274	2.59
4275	2.43
4276	2.24
4277	2.14
4278	2.25
4279	2.40
4280	2.25
4281	2.07
4282	2.29
4283	2.52
4284	2.54
4285	2.63
4286	2.55
4287	2.53
4288	2.43
4289	2.53
4290	2.34
4291	2.32
4292	2.58
4293	2.03
4294	2.25
4295	3.08
4296	2.91
4297	3.16
4298	3.26
4299	3.55
4300	3.12
4301	2.80
4302	2.92
4303	3.14
4304	2.82
4305	2.39
4306	2.84
4307	2.47
4308	2.30
4309	2.03
4310	1.78
4311	1.81
4312	2.07
4313	1.87
4314	1.77
4315	1.48
4316	1.64
4317	1.85
4318	1.86
4319	1.88
4320	1.72
4321	1.62
4322	1.44
4323	1.25
4324	1.25
4325	1.36
4326	1.40
4327	1.41
4328	1.27
4329	1.30
4330	1.20
4331	1.22
4332	1.10
4333	1.20
4334	1.09
4335	1.30
4336	1.10
4337	1.14
4338	1.31
4339	1.21
4340	1.42
4341	1.29
4342	1.41
4343	1.31
4344	1.28
4345	1.23
4346	1.19
4347	1.15
4348	1.19
4349	1.37
4350	1.53
4351	1.69
4352	1.68
4353	1.39
4354	1.44
4355	1.41
4356	1.34
4357	1.18
4358	1.30
4359	1.25
4360	1.21
4361	1.10
4362	1.19
4363	1.27
4364	1.14
4365	1.33
4366	1.46
4367	1.70
4368	2.37
4369	2.64
4370	2.74
4371	2.52
4372	2.48
4373	2.27
4374	2.25
4375	2.07
4376	1.78
4377	1.79
4378	1.66
4379	1.79
4380	1.78
4381	1.55
4382	1.40
4383	1.26
4384	1.05
4385	0.990
4386	1.02
4387	1.18
4388	1.02
4389	1.24
4390	1.58
4391	1.29
4392	1.25
4393	1.41
4394	1.53
4395	1.65
4396	1.94
4397	2.27
4398	2.33
4399	2.56
4400	2.41
4401	2.28
4402	2.30
4403	1.88
4404	2.11
4405	1.94
4406	2
4407	1.85
4408	1.74
4409	1.93
4410	1.72
4411	1.58
4412	1.55
4413	1.74
4414	1.99
4415	1.74
4416	1.44
4417	1.33
4418	1.83
4419	2.73
4420	4.23
4421	3.41
4422	2.52
4423	2.43
4424	2.14
4425	2.06
4426	1.91
4427	2.04
4428	1.99
4429	1.97
4430	2.19
4431	2.43
4432	2.50
4433	2.51
4434	2.61
4435	2.52
4436	2.37
4437	2.52
4438	2.56
4439	2.18
4440	2.13
4441	2.21
4442	1.93
4443	2.03
4444	2.01
4445	2.14
4446	2.01
4447	2.20
4448	2.12
4449	1.98
4450	2.16
4451	1.91
4452	2.73
4453	2.50
4454	2.85
4455	2.56
4456	2.49
4457	2.43
4458	2.77
4459	2.37
4460	1.89
4461	1.86
4462	1.69
4463	1.70
4464	1.92
4465	2.12
4466	2.17
4467	1.93
4468	1.79
4469	1.79
4470	1.59
4471	1.57
4472	1.40
4473	1.42
4474	1.39
4475	1.22
4476	1.18
4477	1.26
4478	1.44
4479	1.35
4480	1.18
4481	1.22
4482	1.18
4483	1.16
4484	1.07
4485	0.980
4486	1
4487	1.39
4488	1.64
4489	1.79
4490	1.89
4491	2.03
4492	2.04
4493	2.39
4494	2.89
4495	3.06
4496	2.99
4497	2.67
4498	2.66
4499	2.47
4500	2.85
4501	2.51
4502	2.50
4503	2.19
4504	2.17
4505	1.94
4506	1.85
4507	1.84
4508	1.65
4509	2.02
4510	2.29
4511	2.43
4512	3.21
4513	3.45
4514	3.56
4515	3.37
4516	2.69
4517	2.41
4518	2.33
4519	1.80
4520	1.43
4521	1.21
4522	1.18
4523	1.16
4524	1.40
4525	2.28
4526	2.65
4527	2.23
4528	1.76
4529	1.56
4530	1.25
4531	1.15
4532	1.19
4533	1.02
4534	2.12
4535	2.99
4536	3.57
4537	2.91
4538	2.57
4539	2.57
4540	2.36
4541	2.15
4542	1.97
4543	1.70
4544	1.87
4545	1.65
4546	1.53
4547	1.30
4548	1.42
4549	2.31
4550	3.06
4551	4.26
4552	3.69
4553	3.49
4554	3.87
4555	4.41
4556	4.58
4557	3.93
4558	3.67
4559	3.55
4560	3.27
4561	2.76
4562	2.34
4563	2.26
4564	1.85
4565	1.98
4566	2.25
4567	2.36
4568	2.12
4569	1.92
4570	1.72
4571	2.36
4572	2.91
4573	3.86
4574	3.98
4575	3.56
4576	3.24
4577	3.16
4578	2.43
4579	1.93
4580	1.69
4581	1.45
4582	1.52
4583	1.72
4584	1.59
4585	1.74
4586	1.95
4587	2.13
4588	2.59
4589	3.19
4590	2.91
4591	2.96
4592	3.27
4593	3.52
4594	3.47
4595	3.51
4596	3.26
4597	2.89
4598	2.40
4599	2.42
4600	2.34
4601	1.98
4602	2.17
4603	1.99
4604	1.94
4605	1.78
4606	1.72
4607	1.74
4608	1.68
4609	2.14
4610	1.96
4611	1.65
4612	1.63
4613	1.70
4614	1.55
4615	1.55
4616	1.63
4617	1.63
4618	1.64
4619	1.64
4620	1.98
4621	1.99
4622	2
4623	2.10
4624	2.02
4625	2.26
4626	2.06
4627	2.38
4628	2.38
4629	2.21
4630	2.33
4631	2.08
4632	1.96
4633	1.97
4634	2.02
4635	1.84
4636	2
4637	1.91
4638	2.12
4639	1.92
4640	2.01
4641	1.84
4642	1.89
4643	1.83
4644	1.62
4645	1.63
4646	1.62
4647	1.42
4648	1.46
4649	1.40
4650	1.85
4651	1.75
4652	1.61
4653	1.73
4654	1.44
4655	1.66
4656	1.57
4657	1.82
4658	1.78
4659	1.71
4660	1.75
4661	1.68
4662	1.80
4663	1.99
4664	1.98
4665	1.92
4666	1.90
4667	2.13
4668	1.85
4669	1.94
4670	1.81
4671	1.76
4672	1.76
4673	1.48
4674	1.83
4675	2.30
4676	2.12
4677	2.54
4678	2.65
4679	2.31
4680	2.10
4681	2.03
4682	1.83
4683	1.58
4684	1.34
4685	1.10
4686	1.17
4687	1.17
4688	1.87
4689	2.22
4690	2.13
4691	1.89
4692	1.67
4693	1.38
4694	1.20
4695	1.13
4696	1.17
4697	1.10
4698	1.88
4699	2.91
4700	2.56
4701	2.14
4702	2.38
4703	2.24
4704	1.62
4705	1.44
4706	1.23
4707	1.11
4708	1.05
4709	0.910
4710	0.860
4711	1.09
4712	1.23
4713	1.01
4714	0.980
4715	0.910
4716	0.920
4717	0.890
4718	0.880
4719	0.950
4720	1.19
4721	1.29
4722	1.56
4723	1.55
4724	1.81
4725	2.93
4726	2.32
4727	2.40
4728	2
4729	2.12
4730	2.23
4731	2.14
4732	2.11
4733	2.01
4734	1.84
4735	1.56
4736	1.53
4737	1.71
4738	2
4739	2.30
4740	2.31
4741	2.20
4742	2.14
4743	1.96
4744	1.95
4745	1.60
4746	1.48
4747	1.40
4748	1.26
4749	1.21
4750	1.16
4751	1.05
4752	1.23
4753	1.38
4754	1.98
4755	1.89
4756	2.05
4757	2.37
4758	2.44
4759	2.21
4760	2.12
4761	2.23
4762	1.93
4763	1.86
4764	1.64
4765	1.71
4766	1.49
4767	1.52
4768	1.62
4769	1.83
4770	2.16
4771	1.78
4772	1.70
4773	1.53
4774	1.56
4775	1.78
4776	1.90
4777	1.69
4778	1.70
4779	1.52
4780	1.65
4781	1.45
4782	1.47
4783	1.63
4784	1.73
4785	1.66
4786	1.67
4787	1.57
4788	1.39
4789	1.34
4790	1.30
4791	1.34
4792	1.33
4793	1.41
4794	1.30
4795	1.48
4796	1.26
4797	1.38
4798	1.21
4799	1.21
4800	1.25
4801	1.30
4802	1.38
4803	1.30
4804	1.31
4805	1.52
4806	1.38
4807	1.39
4808	1.19
4809	1.42
4810	1.53
4811	1.32
4812	1.27
4813	1.65
4814	2.10
4815	2.08
4816	1.90
4817	1.83
4818	1.82
4819	1.92
4820	1.60
4821	1.44
4822	1.27
4823	1.22
4824	1.15
4825	1.07
4826	0.980
4827	1.01
4828	1.02
4829	1.06
4830	1
4831	1.10
4832	1.07
4833	1.11
4834	1.10
4835	1.53
4836	1.63
4837	1.43
4838	1.68
4839	1.50
4840	1.53
4841	1.33
4842	1.21
4843	1.09
4844	1.07
4845	0.950
4846	1.02
4847	1.29
4848	1.74
4849	1.29
4850	1.21
4851	1.18
4852	1.08
4853	1.26
4854	1.39
4855	1.15
4856	1.43
4857	1.18
4858	1.28
4859	1.50
4860	2.12
4861	1.76
4862	2.45
4863	2.15
4864	2.36
4865	2.16
4866	1.86
4867	1.80
4868	2.11
4869	2.08
4870	1.72
4871	1.84
4872	1.81
4873	1.58
4874	1.58
4875	1.32
4876	1.65
4877	2.30
4878	2.08
4879	1.85
4880	2.01
4881	1.80
4882	1.89
4883	1.90
4884	1.89
4885	1.79
4886	1.76
4887	1.63
4888	1.68
4889	1.61
4890	1.37
4891	1.39
4892	1.46
4893	1.51
4894	1.53
4895	1.64
4896	1.67
4897	1.41
4898	1.40
4899	1.53
4900	1.30
4901	1.38
4902	1.56
4903	1.86
4904	1.84
4905	1.81
4906	1.80
4907	1.63
4908	1.60
4909	1.73
4910	1.62
4911	1.77
4912	1.80
4913	1.76
4914	1.54
4915	1.54
4916	1.43
4917	1.78
4918	1.42
4919	1.63
4920	1.45
4921	1.70
4922	1.25
4923	1.32
4924	1.28
4925	1.28
4926	1.39
4927	1.26
4928	1.87
4929	1.96
4930	1.84
4931	2.14
4932	1.97
4933	1.75
4934	1.52
4935	1.54
4936	1.48
4937	1.23
4938	1.24
4939	1.13
4940	1.04
4941	0.990
4942	0.860
4943	0.900
4944	0.910
4945	1.04
4946	0.920
4947	0.870
4948	0.980
4949	0.820
4950	0.920
4951	0.980
4952	1.09
4953	0.940
4954	0.840
4955	0.930
4956	0.950
4957	1.01
4958	1.17
4959	1.22
4960	1.31
4961	1.37
4962	1.27
4963	1.22
4964	1.30
4965	1.24
4966	1.25
4967	1.31
4968	1.59
4969	2.17
4970	2.05
4971	1.83
4972	2.21
4973	1.95
4974	1.73
4975	2.14
4976	1.69
4977	1.45
4978	1.12
4979	1.23
4980	1.41
4981	1.57
4982	1.36
4983	1.45
4984	1.45
4985	1.51
4986	1.31
4987	1.12
4988	1.20
4989	1.13
4990	1.17
4991	1.17
4992	1.28
4993	1.03
4994	1.13
4995	1.10
4996	1.14
4997	0.980
4998	1.10
4999	1.03
5000	1
5001	1.15
5002	1.16
5003	1.17
5004	1.26
5005	1.21
5006	1.32
5007	1.33
5008	1.28
5009	1.23
5010	1.24
5011	1.22
5012	1.20
5013	1.22
5014	1.17
5015	1.23
5016	1.26
5017	1.13
5018	1.24
5019	1.29
5020	1.12
5021	1.08
5022	1.07
5023	1.16
5024	1.36
5025	1.44
5026	1.39
5027	1.46
5028	1.23
5029	1.12
5030	1.01
5031	1.15
5032	1.02
5033	1.19
5034	1.19
5035	1.38
5036	1.32
5037	1.34
5038	1.44
5039	1.41
5040	1.38
5041	1.31
5042	1.27
5043	1.30
5044	1.31
5045	1.22
5046	1.29
5047	1.30
5048	1.34
5049	1.26
5050	1.29
5051	0.970
5052	1.17
5053	1.04
5054	1.10
5055	0.970
5056	1.07
5057	0.910
5058	1
5059	0.920
5060	1
5061	0.890
5062	0.880
5063	0.870
5064	1
5065	0.980
5066	1.04
5067	1
5068	1.13
5069	1.07
5070	1.04
5071	1.09
5072	1.18
5073	1.29
5074	1.31
5075	1.35
5076	1.28
5077	1.55
5078	1.41
5079	1.68
5080	1.52
5081	1.52
5082	1.56
5083	1.71
5084	1.55
5085	1.62
5086	1.66
5087	1.63
5088	1.44
5089	1.39
5090	1.45
5091	1.54
5092	1.71
5093	1.62
5094	1.60
5095	1.44
5096	1.35
5097	1.43
5098	1.52
5099	1.51
5100	1.51
5101	1.63
5102	1.81
5103	1.79
5104	1.47
5105	1.30
5106	1.44
5107	1.57
5108	1.64
5109	1.53
5110	1.67
5111	1.65
5112	1.72
5113	1.78
5114	1.61
5115	1.64
5116	1.75
5117	1.49
5118	1.42
5119	1.48
5120	1.45
5121	1.38
5122	1.32
5123	1.54
5124	1.60
5125	1.50
5126	1.72
5127	1.67
5128	1.63
5129	1.45
5130	1.54
5131	1.41
5132	1.53
5133	1.41
5134	1.38
5135	1.33
5136	1.38
5137	1.40
5138	1.57
5139	1.53
5140	1.38
5141	1.47
5142	1.39
5143	1.33
5144	1.21
5145	1.11
5146	1.05
5147	1.07
5148	0.950
5149	0.930
5150	0.970
5151	1.08
5152	1.08
5153	1.04
5154	1.04
5155	1.06
5156	1.02
5157	1.04
5158	1.05
5159	1.14
5160	1.22
5161	1.18
5162	1.24
5163	1.28
5164	1.15
5165	1.18
5166	1.20
5167	1.23
5168	1.27
5169	1.27
5170	1.47
5171	1.46
5172	1.53
5173	1.36
5174	1.30
5175	1.44
5176	1.32
5177	1.22
5178	1.20
5179	1.09
5180	1.04
5181	1.12
5182	0.890
5183	0.830
5184	0.820
5185	0.810
5186	0.840
5187	0.840
5188	0.740
5189	0.840
5190	0.770
5191	0.890
5192	0.930
5193	1.01
5194	0.990
5195	0.950
5196	0.880
5197	0.970
5198	1.07
5199	1.23
5200	1.20
5201	1.23
5202	1.22
5203	1.13
5204	1.10
5205	1.25
5206	1.06
5207	1.05
5208	1.09
5209	1.05
5210	0.980
5211	0.910
5212	1
5213	0.910
5214	1.03
5215	1.04
5216	1.04
5217	0.950
5218	0.870
5219	0.880
5220	0.930
5221	0.830
5222	0.960
5223	0.860
5224	0.890
5225	1.05
5226	1.08
5227	1.12
5228	1.25
5229	1.19
5230	1.33
5231	1.29
5232	1.34
5233	1.43
5234	1.53
5235	1.47
5236	1.55
5237	1.39
5238	1.34
5239	1.26
5240	1.33
5241	1.43
5242	1.63
5243	1.65
5244	2.15
5245	1.71
5246	1.83
5247	1.77
5248	1.65
5249	1.50
5250	1.51
5251	1.55
5252	1.46
5253	1.50
5254	1.33
5255	1.25
5256	1.17
5257	1.05
5258	0.990
5259	1.03
5260	0.980
5261	0.960
5262	0.960
5263	0.900
5264	0.930
5265	0.900
5266	0.920
5267	1.17
5268	1.29
5269	1.21
5270	1.19
5271	1.21
5272	1.10
5273	1.08
5274	1.05
5275	1.13
5276	1.11
5277	1.19
5278	1.34
5279	1.38
5280	1.28
5281	1.16
5282	1.02
5283	1
5284	1.12
5285	0.980
5286	0.990
5287	0.890
5288	0.920
5289	0.830
5290	0.830
5291	0.940
5292	0.980
5293	1.08
5294	1.19
5295	1.47
5296	1.87
5297	1.81
5298	1.53
5299	1.43
5300	1.46
5301	1.16
5302	1.15
5303	1.14
5304	1.11
5305	1.03
5306	0.980
5307	0.930
5308	0.850
5309	0.860
5310	0.690
5311	0.680
5312	0.660
5313	0.590
5314	0.580
5315	0.650
5316	0.680
5317	0.700
5318	0.800
5319	0.890
5320	0.790
5321	0.800
5322	0.770
5323	0.910
5324	0.980
5325	0.890
5326	0.980
5327	0.970
5328	1.04
5329	1.02
5330	1.21
5331	1.48
5332	1.51
5333	1.41
5334	1.26
5335	1.39
5336	1.33
5337	1.23
5338	1.17
5339	1.30
5340	1.48
5341	1.77
5342	2.28
5343	2.30
5344	2.43
5345	2.53
5346	2.23
5347	1.97
5348	1.77
5349	1.52
5350	1.36
5351	1.36
5352	1.35
5353	1.26
5354	1.28
5355	1.24
5356	1.16
5357	1.14
5358	1.01
5359	1.01
5360	0.840
5361	0.880
5362	0.780
5363	0.750
5364	0.740
5365	0.740
5366	0.730
5367	0.660
5368	0.650
5369	0.590
5370	0.560
5371	0.510
5372	0.510
5373	0.460
5374	0.500
5375	0.510
5376	0.510
5377	0.490
5378	0.400
5379	0.440
5380	0.490
5381	0.540
5382	0.520
5383	0.660
5384	0.730
5385	0.810
5386	0.860
5387	0.910
5388	0.920
5389	0.870
5390	0.840
5391	0.860
5392	0.820
5393	0.830
5394	0.850
5395	0.720
5396	0.810
5397	0.880
5398	0.810
5399	0.720
5400	0.770
5401	0.720
5402	0.780
5403	0.740
5404	1.03
5405	1.36
5406	1.34
5407	1.25
5408	1.21
5409	1.22
5410	1.25
5411	1.16
5412	0.990
5413	1.07
5414	1.31
5415	1.28
5416	1.30
5417	1.34
5418	1.19
5419	1.09
5420	1.17
5421	1.26
5422	1.21
5423	1.03
5424	0.950
5425	1.01
5426	0.960
5427	0.920
5428	0.810
5429	0.770
5430	0.720
5431	0.760
5432	0.730
5433	0.730
5434	0.640
5435	0.740
5436	0.830
5437	1.01
5438	0.950
5439	0.910
5440	0.950
5441	0.920
5442	0.980
5443	0.950
5444	0.910
5445	0.970
5446	1.11
5447	1.52
5448	1.54
5449	1.82
5450	2.03
5451	1.85
5452	1.86
5453	1.70
5454	1.31
5455	1.40
5456	1.42
5457	1.39
5458	1.16
5459	1.19
5460	1.76
5461	1.43
5462	1.26
5463	1.21
5464	1.13
5465	1.22
5466	1.11
5467	1.18
5468	1.40
5469	1.71
5470	1.98
5471	2.58
5472	2.43
5473	2.27
5474	2.19
5475	2.87
5476	2.66
5477	2.81
5478	2.81
5479	2.87
5480	2.88
5481	2.66
5482	2.32
5483	2.51
5484	2.76
5485	3.02
5486	2.86
5487	3.95
5488	3.62
5489	4.47
5490	4.21
5491	3.11
5492	2.43
5493	2.21
5494	2.06
5495	1.70
5496	1.75
5497	1.58
5498	1.49
5499	1.52
5500	2.54
5501	1.87
5502	1.40
5503	1.43
5504	1.49
5505	1.53
5506	1.17
5507	1.16
5508	1.15
5509	1.07
5510	1.10
5511	1.02
5512	1.21
5513	1.22
5514	1.67
5515	1.24
5516	1.18
5517	1.15
5518	1.48
5519	1.24
5520	1.39
5521	1.13
5522	1.30
5523	1.26
5524	1.42
5525	1.26
5526	1.25
5527	1.26
5528	1.35
5529	1.42
5530	1.45
5531	1.39
5532	1.31
5533	1.33
5534	1.22
5535	0.990
5536	1.11
5537	1.07
5538	0.960
5539	0.890
5540	0.980
5541	0.960
5542	0.950
5543	0.950
5544	0.940
5545	0.950
5546	0.870
5547	0.880
5548	0.880
5549	0.750
5550	0.760
5551	0.800
5552	1.09
5553	2.37
5554	3.70
5555	3.94
5556	3.24
5557	3.53
5558	3.41
5559	3.05
5560	3.13
5561	2.92
5562	2.79
5563	2.60
5564	2.51
5565	2.44
5566	2.74
5567	2.53
5568	1.86
5569	2.34
5570	1.99
5571	1.89
5572	1.91
5573	1.90
5574	1.66
5575	1.95
5576	1.85
5577	1.63
5578	1.35
5579	1.57
5580	1.81
5581	1.77
5582	1.58
5583	1.40
5584	1.67
5585	1.56
5586	1.46
5587	1.27
5588	1.27
5589	1.34
5590	1.28
5591	1.40
5592	1.63
5593	2.01
5594	2.02
5595	2.13
5596	1.86
5597	1.61
5598	1.32
5599	1.27
5600	1.22
5601	1.20
5602	1.29
5603	1.29
5604	1.42
5605	1.33
5606	1.40
5607	1.63
5608	1.50
5609	1.46
5610	1.18
5611	1.32
5612	1.15
5613	1.39
5614	1.29
5615	1.29
5616	1.38
5617	1.31
5618	1.24
5619	1.35
5620	1.52
5621	1.68
5622	1.74
5623	1.77
5624	1.67
5625	1.95
5626	2.30
5627	2.70
5628	3.07
5629	2.93
5630	2.68
5631	2.37
5632	2.31
5633	2.26
5634	2.07
5635	1.94
5636	1.86
5637	1.89
5638	1.98
5639	2.12
5640	1.83
5641	1.89
5642	1.77
5643	1.65
5644	1.58
5645	1.30
5646	1.37
5647	1.46
5648	1.29
5649	1.32
5650	1.21
5651	1.10
5652	1.41
5653	1.24
5654	1.19
5655	1.24
5656	1.52
5657	1.53
5658	1.32
5659	1.47
5660	1.67
5661	1.97
5662	1.87
5663	2.11
5664	2.02
5665	1.98
5666	1.97
5667	1.81
5668	1.60
5669	1.63
5670	1.50
5671	1.79
5672	2.43
5673	2.96
5674	2.53
5675	3.11
5676	3.11
5677	2.74
5678	2.24
5679	2.31
5680	2.17
5681	2.14
5682	2.13
5683	2.17
5684	2.29
5685	2.37
5686	2.20
5687	2.40
5688	2.25
5689	2.32
5690	2.04
5691	1.81
5692	1.79
5693	1.88
5694	1.62
5695	1.46
5696	1.75
5697	2.84
5698	3.22
5699	2.83
5700	2.83
5701	2.93
5702	3.59
5703	4.03
5704	3.94
5705	4.14
5706	3.82
5707	3.96
5708	4.12
5709	3.75
5710	3.22
5711	2.78
5712	3.03
5713	2.63
5714	2.62
5715	2.80
5716	2.46
5717	2.22
5718	2.51
5719	2.32
5720	2.06
5721	1.63
5722	1.81
5723	1.79
5724	1.61
5725	1.55
5726	1.41
5727	1.46
5728	1.54
5729	1.71
5730	1.71
5731	1.73
5732	1.78
5733	1.60
5734	1.50
5735	1.52
5736	1.54
5737	1.63
5738	1.74
5739	1.70
5740	1.60
5741	1.66
5742	1.72
5743	1.88
5744	2.08
5745	2.06
5746	1.94
5747	2.02
5748	1.77
5749	1.80
5750	1.81
5751	1.57
5752	1.60
5753	1.64
5754	1.63
5755	1.50
5756	1.43
5757	1.46
5758	1.62
5759	1.80
5760	1.69
5761	1.39
5762	1.61
5763	1.71
5764	1.55
5765	1.46
5766	1.47
5767	1.57
5768	1.87
5769	2.04
5770	2.25
5771	2.22
5772	2.04
5773	2.02
5774	1.92
5775	1.99
5776	1.96
5777	1.95
5778	1.50
5779	1.51
5780	1.25
5781	1.31
5782	1.19
5783	1.16
5784	1
5785	0.970
5786	0.930
5787	1.07
5788	1.31
5789	1.38
5790	1.56
5791	1.63
5792	1.79
5793	2.04
5794	1.73
5795	1.54
5796	1.48
5797	1.39
5798	1.45
5799	1.67
5800	1.53
5801	1.68
5802	2.43
5803	2.60
5804	2.66
5805	2.44
5806	2.76
5807	2.83
5808	2.83
5809	2.59
5810	2.56
5811	2.55
5812	2.98
5813	2.61
5814	3.16
5815	2.99
5816	2.86
5817	2.92
5818	3.35
5819	2.82
5820	2.82
5821	2.44
5822	2.34
5823	2.94
5824	2.49
5825	2.66
5826	2.60
5827	2.61
5828	2.55
5829	2.52
5830	2.60
5831	2.48
5832	2.18
5833	2.26
5834	2.08
5835	2
5836	2.04
5837	1.96
5838	2.01
5839	2.04
5840	1.86
5841	2.06
5842	1.87
5843	1.89
