1	1.13
2	0.990
3	0.880
4	0.990
5	0.780
6	0.900
7	0.750
8	0.680
9	0.800
10	1.20
11	1.72
12	1.85
13	2.34
14	2.76
15	2.38
16	2.16
17	1.62
18	1.61
19	1.96
20	1.60
21	1.87
22	1.74
23	1.73
24	2.58
25	2.28
26	2.60
27	2.55
28	2.99
29	3.47
30	4.01
31	4.33
32	4.39
33	4.53
34	5.38
35	5.21
36	4.88
37	3.82
38	3.73
39	3.51
40	2.85
41	2.44
42	2.39
43	2.23
44	2
45	2.36
46	2.22
47	2.13
48	2.73
49	3.54
50	3.68
51	4.74
52	3.89
53	3.68
54	3.04
55	2.71
56	2.29
57	2.06
58	2.07
59	1.88
60	1.63
61	1.56
62	1.42
63	1.32
64	1.09
65	1.08
66	1.28
67	1.44
68	1.33
69	1.52
70	2.20
71	2.27
72	2.68
73	2.16
74	2.01
75	1.62
76	1.49
77	1.99
78	1.99
79	1.68
80	1.58
81	1.61
82	1.49
83	1.60
84	2.14
85	2.45
86	1.94
87	2.07
88	2.23
89	2.49
90	2.85
91	5.17
92	5.43
93	3.98
94	3.97
95	3.32
96	2.98
97	2.67
98	2.01
99	2.05
100	1.90
101	2.03
102	2.12
103	2.39
104	3.41
105	3.81
106	3.32
107	3.60
108	4.22
109	3.70
110	2.91
111	2.60
112	2.10
113	2.34
114	2.36
115	2.58
116	2.61
117	2.37
118	1.85
119	1.79
120	1.42
121	1.35
122	1.24
123	1.09
124	1
125	0.980
126	0.870
127	0.970
128	1.14
129	1.21
130	1.05
131	1.14
132	1.22
133	1.16
134	1.35
135	1.17
136	1.26
137	1.44
138	1.58
139	2.14
140	1.79
141	1.82
142	1.45
143	1.36
144	1.17
145	1.10
146	1.54
147	1.55
148	1.51
149	1.72
150	1.83
151	1.62
152	1.71
153	1.74
154	2.22
155	3.82
156	3.08
157	2.95
158	3.88
159	3
160	2.69
161	2.55
162	2.09
163	2.08
164	2.14
165	2.35
166	2.69
167	2.44
168	2.15
169	1.91
170	1.80
171	2.77
172	3.39
173	2.93
174	2.86
175	2.43
176	2.45
177	1.97
178	1.65
179	1.36
180	1.28
181	1.62
182	2.91
183	3.11
184	3.26
185	3.14
186	3.72
187	3.75
188	2.90
189	2.94
190	2.41
191	2.08
192	1.90
193	1.29
194	1.32
195	1.23
196	1.08
197	1.31
198	1.81
199	1.85
200	2.15
201	2.39
202	2.79
203	6.08
204	7.13
205	5.52
206	4.04
207	3.29
208	2.62
209	3.13
210	3.85
211	3.78
212	4.22
213	3.31
214	2.73
215	2.74
216	2.53
217	2.34
218	2.22
219	1.74
220	2.03
221	1.97
222	1.78
223	1.64
224	1.79
225	2.31
226	2.15
227	1.83
228	1.93
229	1.87
230	2.11
231	1.88
232	1.81
233	1.41
234	1.14
235	0.960
236	0.840
237	0.850
238	1.22
239	1.62
240	1.99
241	1.96
242	4.33
243	4.38
244	3.49
245	3.22
246	2.64
247	2.21
248	1.61
249	2.54
250	2.63
251	2.90
252	2.87
253	3.35
254	3.28
255	2.92
256	2.74
257	2.81
258	2.22
259	2.11
260	1.99
261	2.12
262	2.62
263	2.07
264	2.02
265	1.96
266	1.91
267	2.28
268	2.30
269	2.12
270	3.06
271	3.40
272	3.37
273	2.86
274	2.73
275	2.65
276	2.20
277	2.40
278	2.51
279	2.53
280	3.10
281	2.17
282	2.30
283	2.59
284	3.02
285	2.46
286	2.52
287	2.28
288	2.08
289	1.68
290	1.74
291	1.74
292	1.50
293	1.52
294	1.29
295	1.39
296	1.17
297	1.43
298	1.44
299	1.46
300	1.45
301	1.26
302	1.23
303	1.30
304	1.31
305	1.43
306	1.52
307	1.61
308	1.42
309	1.22
310	1.01
311	0.910
312	1.05
313	1.10
314	1.61
315	2.32
316	2.51
317	2.69
318	2.79
319	2.40
320	2.15
321	2.17
322	1.81
323	1.83
324	2.80
325	2.88
326	2.11
327	1.82
328	1.77
329	2.30
330	2.33
331	3.67
332	4.65
333	3.87
334	3.75
335	3
336	3.08
337	2.45
338	2.33
339	2.28
340	1.95
341	1.95
342	1.71
343	1.54
344	2.32
345	2
346	2.04
347	1.64
348	1.67
349	1.67
350	1.64
351	1.89
352	1.67
353	1.53
354	1.32
355	1.34
356	1.20
357	1.28
358	2.14
359	2.49
360	3.36
361	2.62
362	2.12
363	2.77
364	4.01
365	3.49
366	4.42
367	3.93
368	3.41
369	3.34
370	4.24
371	3.28
372	3.75
373	3.58
374	2.80
375	2.06
376	1.74
377	1.26
378	1.56
379	2.14
380	1.96
381	2.39
382	2.87
383	2.67
384	2.30
385	2.23
386	2.17
387	2.03
388	1.56
389	1.23
390	0.950
391	1.03
392	1.06
393	1.07
394	1.08
395	1.42
396	1.82
397	2.17
398	2.29
399	2.51
400	2.81
401	2.22
402	1.99
403	1.66
404	1.58
405	1.43
406	1.33
407	1.34
408	1.26
409	1.33
410	1.43
411	1.52
412	1.50
413	1.48
414	1.42
415	1.47
416	1.34
417	1.34
418	1.18
419	1.01
420	1.28
421	1.41
422	1.42
423	1.70
424	2.07
425	1.82
426	1.76
427	1.58
428	1.83
429	2.10
430	2.09
431	1.85
432	1.77
433	1.45
434	1.43
435	1.34
436	1.52
437	1.46
438	1.51
439	1.58
440	1.42
441	1.33
442	1.33
443	1.34
444	1.30
445	1.39
446	1.46
447	1.68
448	2.68
449	2.52
450	2.26
451	2.57
452	2.19
453	2.22
454	2.15
455	1.85
456	1.67
457	1.46
458	1.35
459	1.44
460	1.35
461	1.32
462	1.32
463	1.37
464	1.55
465	1.44
466	1.61
467	1.64
468	1.72
469	1.39
470	1.54
471	1.55
472	1.49
473	1.45
474	1.61
475	1.87
476	2.17
477	2.19
478	2.14
479	2.02
480	1.92
481	1.59
482	1.36
483	1.72
484	1.65
485	1.51
486	1.90
487	1.84
488	1.72
489	1.72
490	1.76
491	2.11
492	1.96
493	2.38
494	2.53
495	1.95
496	1.82
497	1.64
498	1.44
499	1.29
500	2.30
501	2.65
502	2.39
503	2.51
504	2.21
505	1.81
506	1.81
507	1.97
508	1.51
509	1.62
510	2.03
511	1.81
512	1.45
513	1.47
514	1.57
515	1.35
516	1.34
517	1.62
518	2.08
519	2.79
520	3.25
521	3.97
522	4.09
523	3.60
524	2.94
525	2.72
526	2.83
527	3.66
528	3.95
529	3.88
530	3.21
531	3.34
532	3.12
533	2.57
534	2.44
535	2.41
536	2.11
537	1.66
538	1.42
539	1.27
540	1.20
541	1.14
542	1.17
543	1.16
544	1.35
545	1.24
546	1.53
547	1.81
548	1.73
549	1.68
550	1.59
551	1.60
552	1.32
553	1.30
554	1.26
555	1.14
556	1.08
557	0.990
558	1.08
559	1.03
560	0.920
561	0.940
562	1.03
563	1.04
564	0.930
565	1.01
566	0.870
567	0.870
568	1.09
569	1.16
570	1.09
571	1.17
572	1.03
573	1.03
574	1.12
575	1.13
576	1.05
577	1.13
578	1.26
579	1.24
580	1.38
581	1.29
582	1.13
583	1.11
584	1.27
585	1.16
586	1.15
587	1.25
588	1.41
589	1.60
590	1.59
591	1.60
592	1.40
593	1.51
594	1.50
595	1.55
596	1.56
597	1.84
598	1.92
599	1.94
600	1.90
601	1.67
602	1.53
603	1.56
604	1.47
605	1.28
606	1.11
607	1.21
608	1.15
609	1.22
610	0.970
611	1.05
612	1.10
613	0.980
614	0.980
615	0.990
616	0.860
617	0.840
618	0.760
619	1.20
620	1.33
621	1.44
622	1.25
623	1.26
624	1.31
625	1.08
626	1.46
627	1.08
628	1.03
629	1.33
630	1.58
631	1.32
632	1.34
633	1.55
634	1.29
635	1.34
636	1.31
637	1.07
638	1.06
639	0.940
640	0.670
641	0.620
642	0.490
643	0.630
644	0.600
645	0.620
646	0.590
647	0.530
648	0.670
649	0.910
650	1.43
651	1.72
652	1.76
653	1.21
654	1.60
655	1.40
656	1.24
657	0.910
658	0.840
659	1.14
660	1.58
661	1.15
662	0.940
663	1.06
664	1.03
665	1.01
666	1.02
667	1.01
668	0.990
669	0.900
670	1.32
671	1.17
672	0.950
673	0.870
674	0.850
675	0.850
676	0.760
677	0.760
678	0.860
679	0.930
680	1.08
681	1.28
682	1.83
683	1.94
684	1.87
685	1.70
686	1.67
687	1.77
688	1.86
689	2
690	1.67
691	1.40
692	1.20
693	1.17
694	1.03
695	0.820
696	0.730
697	0.870
698	0.830
699	0.870
700	0.920
701	1.06
702	0.920
703	0.950
704	0.900
705	0.850
706	0.990
707	0.850
708	0.910
709	0.800
710	0.940
711	0.930
712	0.900
713	0.890
714	0.920
715	0.860
716	0.850
717	0.850
718	1
719	0.950
720	1.09
721	1.23
722	1.12
723	1.17
724	1.20
725	1.39
726	1.26
727	1.40
728	1.72
729	1.45
730	1.15
731	1.08
732	1.09
733	0.960
734	0.940
735	0.950
736	0.920
737	0.910
738	1.04
739	1.04
740	1.05
741	0.930
742	1.07
743	1.11
744	1.21
745	1.21
746	1.26
747	1.32
748	1.15
749	1.23
750	1.33
751	1.28
752	1.17
753	1.20
754	1.15
755	1.14
756	1.14
757	1.11
758	1.30
759	1.38
760	1.26
761	1.34
762	1.49
763	1.82
764	1.72
765	1.57
766	1.40
767	1.15
768	1.21
769	1.17
770	1.03
771	1.18
772	0.990
773	0.900
774	0.950
775	0.990
776	1.09
777	1.11
778	1.20
779	1.27
780	1.53
781	1.28
782	1.28
783	1.30
784	2.26
785	2.36
786	2.14
787	1.92
788	1.81
789	1.62
790	1.54
791	1.84
792	2.14
793	1.85
794	1.68
795	1.41
796	1.28
797	1.05
798	1.05
799	1.07
800	1.04
801	0.970
802	0.970
803	1.38
804	1.60
805	2.03
806	2.53
807	2.38
808	2.02
809	1.74
810	1.39
811	1.04
812	0.910
813	0.860
814	0.800
815	0.910
816	0.850
817	0.760
818	0.780
819	0.860
820	0.890
821	0.930
822	1.04
823	1.15
824	1.30
825	1.30
826	1.31
827	1.41
828	1.38
829	1.35
830	1.55
831	1.32
832	1.04
833	0.940
834	0.950
835	0.960
836	0.940
837	1.16
838	1.49
839	1.07
840	0.990
841	0.890
842	0.750
843	0.740
844	0.900
845	0.780
846	0.730
847	0.670
848	0.740
849	0.760
850	0.750
851	0.750
852	0.750
853	0.870
854	1.04
855	1.30
856	0.990
857	1.11
858	1.32
859	1.20
860	1.20
861	1.29
862	1.27
863	1.59
864	1.65
865	1.58
866	1.48
867	1.43
868	1.50
869	1.21
870	1.14
871	1.12
872	1.30
873	1.27
874	1.70
875	1.24
876	1.30
877	1.70
878	3.13
879	3.51
880	2.29
881	2.26
882	2.32
883	2.01
884	1.82
885	1.85
886	1.82
887	1.64
888	1.52
889	1.59
890	1.59
891	1.50
892	1.44
893	2.18
894	1.67
895	1.22
896	1.21
897	0.950
898	1.04
899	0.800
900	0.990
901	0.930
902	0.940
903	0.800
904	0.640
905	0.580
906	0.790
907	0.990
908	1.08
909	1.32
910	1.69
911	1.82
912	1.78
913	1.30
914	1.29
915	1.20
916	1.15
917	1.11
918	0.900
919	0.950
920	0.890
921	0.960
922	0.910
923	0.940
924	1.07
925	1.03
926	1.18
927	1.38
928	1.11
929	1.32
930	1.04
931	0.960
932	0.760
933	0.680
934	0.680
935	0.650
936	0.630
937	0.620
938	0.870
939	1.15
940	1.28
941	1.32
942	1.29
943	1.28
944	1.43
945	1.48
946	1.83
947	1.92
948	2.05
949	2.31
950	2.52
951	2.53
952	2.74
953	2.97
954	3.50
955	3.83
956	4.06
957	3.93
958	3.41
959	3.55
960	3.05
961	2.69
962	1.91
963	1.76
964	1.59
965	1.56
966	1.36
967	1.25
968	1.27
969	1.15
970	1.06
971	1.03
972	1.02
973	0.910
974	0.890
975	0.940
976	0.820
977	0.770
978	0.920
979	1.51
980	1.87
981	1.64
982	1.30
983	1.35
984	1.29
985	1.29
986	1.34
987	1.56
988	1.70
989	1.82
990	1.92
991	1.60
992	2.17
993	2.16
994	2.82
995	3.66
996	3.80
997	4.85
998	5.96
999	6.33
1000	7.77
1001	9.07
1002	12.0700000000000
1003	8.34
1004	5.57
1005	4.23
1006	2.91
1007	2.50
1008	2.43
1009	3.16
1010	2.35
1011	2.26
1012	2.20
1013	2.38
1014	1.72
1015	1.45
1016	1.48
1017	1.67
1018	1.57
1019	1.56
1020	1.59
1021	1.66
1022	1.75
1023	2.01
1024	1.91
1025	2.44
1026	2.26
1027	1.93
1028	2.34
1029	2.31
1030	2.41
1031	2.44
1032	3.79
1033	3.07
1034	2.12
1035	1.84
1036	1.86
1037	1.50
1038	1.64
1039	1.87
1040	1.77
1041	1.66
1042	1.62
1043	1.35
1044	1.36
1045	1.21
1046	1.12
1047	1.31
1048	1.23
1049	2.44
1050	1.71
1051	1.57
1052	1.54
1053	1.56
1054	1.66
1055	1.22
1056	1.33
1057	1.32
1058	1.40
1059	1.37
1060	1.39
1061	1.22
1062	1.17
1063	1.17
1064	1.19
1065	1.28
1066	1.43
1067	1.41
1068	1.32
1069	1.22
1070	1.33
1071	1.42
1072	1.63
1073	1.31
1074	1.33
1075	1.44
1076	1.27
1077	1.14
1078	1.19
1079	1.12
1080	1.10
1081	0.940
1082	0.860
1083	0.900
1084	0.830
1085	0.690
1086	0.800
1087	0.830
1088	0.880
1089	0.910
1090	1.10
1091	1.40
1092	1.27
1093	1.35
1094	1.99
1095	2.52
1096	2.74
1097	2.94
1098	2.11
1099	1.81
1100	1.55
1101	1.47
1102	1.30
1103	1.47
1104	1.32
1105	1.44
1106	1.67
1107	1.82
1108	1.81
1109	1.59
1110	1.56
1111	2.06
1112	1.73
1113	1.61
1114	2.31
1115	2.46
1116	2.07
1117	2.79
1118	2.72
1119	2.78
1120	2.38
1121	2.26
1122	2.34
1123	2.44
1124	2.51
1125	2.47
1126	2.46
1127	2.53
1128	2.46
1129	1.97
1130	1.77
1131	1.43
1132	1.37
1133	1.31
1134	1.27
1135	1.38
1136	1.43
1137	1.40
1138	1.48
1139	1.43
1140	1.49
1141	1.19
1142	1.26
1143	1.59
1144	1.41
1145	1.50
1146	1.67
1147	3.09
1148	2.34
1149	1.87
1150	1.74
1151	1.58
1152	2.02
1153	1.71
1154	1.45
1155	1.25
1156	1.06
1157	1.20
1158	1.08
1159	1.02
1160	0.920
1161	0.820
1162	0.790
1163	0.740
1164	0.860
1165	0.950
1166	1.45
1167	1.86
1168	1.82
1169	2.01
1170	2.41
1171	2.41
1172	3.20
1173	2.53
1174	2.64
1175	2.44
1176	1.95
1177	1.58
1178	1.32
1179	1.16
1180	1.18
1181	1.22
1182	1.30
1183	1.60
1184	1.66
1185	1.71
1186	1.48
1187	1.31
1188	1.28
1189	1.32
1190	1.74
1191	2.18
1192	2.22
1193	2.94
1194	2.94
1195	2.50
1196	2.21
1197	2.17
1198	1.67
1199	1.43
1200	1.19
1201	1.01
1202	1.02
1203	0.990
1204	1.13
1205	1.12
1206	1.10
1207	1.63
1208	1.82
1209	2.25
1210	2.05
1211	2.11
1212	3.36
1213	3.10
1214	3
1215	3.10
1216	2.89
1217	2.77
1218	2.74
1219	2.99
1220	2.22
1221	1.97
1222	2.56
1223	4.58
1224	3.73
1225	5.31
1226	4.38
1227	3.79
1228	4.14
1229	3.54
1230	2.79
1231	2.42
1232	2.53
1233	2.45
1234	1.72
1235	2.13
1236	3.09
1237	7.55
1238	6.46
1239	6.11
1240	5.72
1241	4.80
1242	4.78
1243	4.78
1244	5.74
1245	4.61
1246	4.59
1247	4.58
1248	4.38
1249	4.50
1250	4.35
1251	4.34
1252	3.61
1253	3.35
1254	4.44
1255	5.49
1256	4.64
1257	4.03
1258	2.90
1259	3.71
1260	2.98
1261	3.13
1262	3.22
1263	2.75
1264	2.53
1265	2.21
1266	1.80
1267	1.56
1268	1.53
1269	1.47
1270	1.18
1271	1.17
1272	1.14
1273	1.12
1274	1.20
1275	1.23
1276	1.15
1277	1.10
1278	1.20
1279	1.03
1280	1.01
1281	1.02
1282	1.09
1283	1.22
1284	1.68
1285	1.80
1286	1.76
1287	2.56
1288	2.54
1289	3.25
1290	2.89
1291	2.44
1292	2.07
1293	2.03
1294	2.09
1295	1.83
1296	1.59
1297	1.52
1298	1.42
1299	1.36
1300	1.17
1301	1.23
1302	1.18
1303	1.25
1304	1.33
1305	1.29
1306	1.30
1307	1.36
1308	1.39
1309	1.74
1310	2.54
1311	2.50
1312	3.14
1313	4.54
1314	4.43
1315	3.48
1316	3.02
1317	2.09
1318	2.02
1319	1.74
1320	1.57
1321	1.48
1322	1.41
1323	1.32
1324	1.35
1325	1.36
1326	1.55
1327	1.63
1328	1.68
1329	1.44
1330	1.76
1331	1.84
1332	1.81
1333	1.54
1334	1.41
1335	1.24
1336	1.13
1337	1.47
1338	1.63
1339	1.79
1340	2.12
1341	2.07
1342	2.13
1343	2.43
1344	2.34
1345	2.36
1346	2.13
1347	2.92
1348	3.04
1349	2.93
1350	2.64
1351	2.81
1352	2.84
1353	2.74
1354	2.76
1355	2.54
1356	2.61
1357	2.65
1358	2.52
1359	2.42
1360	2.09
1361	1.89
1362	1.90
1363	1.92
1364	1.63
1365	1.58
1366	1.95
1367	2
1368	1.61
1369	1.80
1370	2.22
1371	2.80
1372	2.34
1373	2.07
1374	1.49
1375	1.37
1376	1.22
1377	1.16
1378	1.12
1379	1.66
1380	2.59
1381	2.85
1382	2.63
1383	2.98
1384	3.40
1385	2.96
1386	3.24
1387	3.20
1388	3.10
1389	3.28
1390	3.19
1391	2.95
1392	2.87
1393	2.85
1394	3.48
1395	2.96
1396	2.65
1397	2.79
1398	2.91
1399	2.63
1400	2.76
1401	2.53
1402	2.18
1403	2.03
1404	2.03
1405	2.31
1406	2.09
1407	2.33
1408	2.72
1409	5.02
1410	5.14
1411	4.64
1412	3.47
1413	3.92
1414	3.24
1415	3.17
1416	2.99
1417	2.54
1418	2.27
1419	1.70
1420	1.47
1421	1.32
1422	1.23
1423	1.27
1424	1.10
1425	1.23
1426	1.20
1427	1.17
1428	1.29
1429	1.38
1430	1.49
1431	1.61
1432	1.77
1433	1.94
1434	1.87
1435	1.91
1436	1.84
1437	1.65
1438	1.47
1439	1.78
1440	2.67
1441	3.84
1442	3.53
1443	3.90
1444	2.72
1445	2.31
1446	3
1447	3.89
1448	4.39
1449	4.96
1450	4.41
1451	3.43
1452	2.78
1453	2.40
1454	2.14
1455	1.80
1456	1.28
1457	1.01
1458	0.960
1459	1.06
1460	1.12
1461	1.45
1462	1.64
1463	2.17
1464	1.93
1465	1.76
1466	1.71
1467	1.66
1468	1.50
1469	2.06
1470	2.49
1471	2.81
1472	5.99
1473	6.60
1474	6.72
1475	5.84
1476	5.83
1477	4.73
1478	3.62
1479	2.66
1480	2.37
1481	2.85
1482	3.95
1483	3
1484	2.23
1485	1.95
1486	1.50
1487	1.36
1488	1.24
1489	1.44
1490	1.44
1491	1.44
1492	1.41
1493	1.35
1494	1.09
1495	0.950
1496	1
1497	1.01
1498	1.18
1499	1.68
1500	2.32
1501	1.85
1502	1.87
1503	1.75
1504	1.83
1505	1.47
1506	1.93
1507	2.32
1508	1.99
1509	1.72
1510	2.30
1511	2.73
1512	3.39
1513	2.49
1514	3.33
1515	2.64
1516	2.56
1517	2.91
1518	2.10
1519	2.56
1520	2.88
1521	2.77
1522	2.80
1523	3.81
1524	3.43
1525	3.19
1526	2.34
1527	1.88
1528	1.69
1529	1.26
1530	1.18
1531	1.70
1532	1.83
1533	2.83
1534	3.08
1535	3.26
1536	3.13
1537	2.80
1538	2.81
1539	2.42
1540	2.01
1541	1.64
1542	1.41
1543	1.30
1544	1.41
1545	1.46
1546	1.32
1547	1.25
1548	1.35
1549	1.46
1550	1.35
1551	2.08
1552	1.98
1553	1.72
1554	1.64
1555	1.68
1556	1.41
1557	1.30
1558	1.15
1559	1.11
1560	0.970
1561	1.14
1562	1.12
1563	1.19
1564	1.26
1565	1.21
1566	1.04
1567	1.11
1568	1.47
1569	2.43
1570	2.87
1571	2.71
1572	2.24
1573	2.28
1574	1.99
1575	1.84
1576	1.45
1577	1.36
1578	1.13
1579	1.55
1580	1.42
1581	1.49
1582	1.48
1583	1.76
1584	1.49
1585	1.35
1586	1.06
1587	1
1588	0.850
1589	0.900
1590	0.900
1591	0.880
1592	1.01
1593	1.52
1594	1.87
1595	2.50
1596	3.28
1597	3.17
1598	2.60
1599	2.66
1600	2.25
1601	2.73
1602	2.56
1603	2.12
1604	2.18
1605	2.51
1606	2.77
1607	2.28
1608	2.05
1609	2.36
1610	2.25
1611	1.63
1612	1.31
1613	1.14
1614	1.03
1615	0.910
1616	1.04
1617	1.03
1618	1.02
1619	1.11
1620	1.96
1621	2.43
1622	2.22
1623	2.11
1624	1.73
1625	1.71
1626	1.67
1627	2.13
1628	4.20
1629	3.54
1630	3.58
1631	5.26
1632	6.61
1633	7.38
1634	6.50
1635	4.90
1636	3.64
1637	3.18
1638	2.66
1639	2.09
1640	1.44
1641	1.18
1642	1.41
1643	1.23
1644	1.25
1645	1.54
1646	1.56
1647	1.38
1648	1.27
1649	1.24
1650	1.16
1651	1.35
1652	1.53
1653	1.76
1654	1.83
1655	1.72
1656	1.94
1657	1.99
1658	1.98
1659	1.69
1660	1.59
1661	2.12
1662	2.66
1663	4.17
1664	5.73
1665	4.16
1666	5.66
1667	4.99
1668	4.05
1669	3.47
1670	2.55
1671	2.75
1672	2.48
1673	2.28
1674	2.12
1675	2.41
1676	2.54
1677	2.60
1678	2.74
1679	2.21
1680	2.10
1681	1.98
1682	2.09
1683	2.82
1684	2.98
1685	2.80
1686	3.26
1687	4.18
1688	3.70
1689	3
1690	2.46
1691	2.53
1692	1.58
1693	1.55
1694	1.46
1695	1.14
1696	1.09
1697	0.920
1698	0.910
1699	1.01
1700	1.23
1701	1.27
1702	1.58
1703	1.58
1704	1.78
1705	2.02
1706	2.10
1707	2.18
1708	2.09
1709	1.81
1710	1.75
1711	1.80
1712	1.76
1713	1.75
1714	1.64
1715	2.65
1716	3.61
1717	4.81
1718	4.45
1719	4.30
1720	3.74
1721	3
1722	2.73
1723	3.31
1724	3.86
1725	3.71
1726	3.04
1727	2.65
1728	2.30
1729	2.10
1730	2
1731	2.03
1732	1.78
1733	2.02
1734	2.27
1735	1.89
1736	1.89
1737	1.93
1738	1.74
1739	1.91
1740	2.88
1741	2.91
1742	2.87
1743	2.40
1744	2.45
1745	2.11
1746	1.75
1747	1.69
1748	1.67
1749	1.57
1750	1.61
1751	1.56
1752	1.36
1753	1.36
1754	1.25
1755	1.22
1756	1.23
1757	1.22
1758	1.07
1759	1.07
1760	1.14
1761	1.15
1762	1.07
1763	1.02
1764	0.930
1765	0.990
1766	1.04
1767	1.35
1768	1.36
1769	1.26
1770	1.11
1771	1.05
1772	0.990
1773	0.980
1774	0.930
1775	0.900
1776	1.02
1777	0.960
1778	1.04
1779	1.04
1780	0.960
1781	0.940
1782	0.990
1783	1.08
1784	1.13
1785	1.01
1786	1.11
1787	1.26
1788	1.10
1789	1.11
1790	1.03
1791	1.08
1792	0.960
1793	0.930
1794	0.880
1795	0.880
1796	0.920
1797	0.890
1798	0.900
1799	1.08
1800	1.39
1801	1.92
1802	2.42
1803	2.70
1804	2.78
1805	3.07
1806	3.62
1807	4
1808	4.42
1809	3.96
1810	3.47
1811	3.25
1812	2.79
1813	2.40
1814	2.19
1815	2.50
1816	3.06
1817	3.06
1818	2.51
1819	2.03
1820	1.86
1821	1.73
1822	1.34
1823	1.23
1824	1.46
1825	1.53
1826	1.99
1827	1.98
1828	1.92
1829	1.72
1830	1.45
1831	2.31
1832	2.58
1833	3.58
1834	4.65
1835	4.77
1836	4.25
1837	3.66
1838	3.75
1839	3.15
1840	2.75
1841	2.26
1842	2.37
1843	2.27
1844	2.21
1845	2.13
1846	2
1847	2.07
1848	2.48
1849	1.91
1850	2.28
1851	4.26
1852	3.36
1853	3.40
1854	2.41
1855	2.39
1856	1.97
1857	1.84
1858	1.48
1859	1.87
1860	2.11
1861	1.71
1862	1.69
1863	1.63
1864	1.58
1865	1.40
1866	1.38
1867	1.85
1868	2.11
1869	1.94
1870	2.28
1871	1.90
1872	2
1873	2.13
1874	1.86
1875	1.91
1876	1.96
1877	1.69
1878	1.81
1879	1.74
1880	1.46
1881	1.47
1882	1.21
1883	0.990
1884	0.810
1885	0.710
1886	0.680
1887	0.750
1888	0.990
1889	0.980
1890	0.820
1891	0.920
1892	0.810
1893	0.810
1894	0.950
1895	1.57
1896	2.03
1897	2.17
1898	2.15
1899	1.92
1900	1.88
1901	1.47
1902	1.50
1903	1.19
1904	0.990
1905	1.03
1906	1.11
1907	1.08
1908	1.06
1909	0.980
1910	1.27
1911	1.59
1912	2.12
1913	2.60
1914	4.46
1915	3.99
1916	2.93
1917	2.47
1918	2.46
1919	3.10
1920	2.31
1921	2.49
1922	2.49
1923	2.45
1924	2.15
1925	2.06
1926	1.90
1927	1.58
1928	1.52
1929	1.52
1930	2.17
1931	2.40
1932	2.39
1933	2.02
1934	1.90
1935	1.43
1936	1.21
1937	1.14
1938	1.09
1939	0.980
1940	0.820
1941	0.760
1942	0.820
1943	0.910
1944	1.28
1945	1.25
1946	1.31
1947	1.25
1948	1.04
1949	1.10
1950	1.03
1951	0.980
1952	0.930
1953	0.990
1954	0.860
1955	1.14
1956	1.20
1957	1
1958	0.970
1959	0.930
1960	1.06
1961	1.02
1962	0.920
1963	0.990
1964	0.850
1965	0.880
1966	0.930
1967	0.810
1968	0.930
1969	1.19
1970	1.38
1971	1.42
1972	1.38
1973	1.66
1974	1.95
1975	1.74
1976	1.61
1977	1.92
1978	1.80
1979	1.76
1980	1.92
1981	2.01
1982	1.62
1983	1.79
1984	2.31
1985	2.20
1986	2.20
1987	1.68
1988	1.52
1989	1.70
1990	1.50
1991	1.37
1992	1.23
1993	1.23
1994	1.12
1995	1.24
1996	1.16
1997	1.26
1998	1.22
1999	1.11
2000	1.19
2001	1.42
2002	1.53
2003	1.46
2004	1.46
2005	1.21
2006	1.30
2007	1.38
2008	1.38
2009	1.39
2010	1.33
2011	1.30
2012	1.41
2013	1.67
2014	2.59
2015	2.22
2016	2.11
2017	2.27
2018	1.99
2019	1.80
2020	1.51
2021	1.46
2022	1.53
2023	1.67
2024	1.86
2025	1.71
2026	2.59
2027	4.46
2028	2.93
2029	2.36
2030	2.45
2031	1.83
2032	1.71
2033	1.42
2034	1.85
2035	1.61
2036	1.48
2037	1.18
2038	1.34
2039	1.12
2040	1.09
2041	1.13
2042	1.12
2043	1.25
2044	1.31
2045	1.34
2046	1.55
2047	1.50
2048	1.51
2049	1.42
2050	1.29
2051	1.14
2052	1.06
2053	1.16
2054	0.960
2055	0.900
2056	0.940
2057	0.920
2058	0.840
2059	0.930
2060	0.850
2061	0.750
2062	0.690
2063	0.690
2064	0.800
2065	0.830
2066	1.10
2067	1.17
2068	2.20
2069	1.94
2070	1.62
2071	1.50
2072	1.33
2073	0.980
2074	0.900
2075	0.860
2076	0.890
2077	1.25
2078	1.61
2079	1.57
2080	1.52
2081	1.41
2082	1.56
2083	1.39
2084	1.64
2085	1.64
2086	2.45
2087	2.51
2088	2.20
2089	1.75
2090	1.82
2091	2.10
2092	2.04
2093	1.74
2094	1.98
2095	2.39
2096	2.99
2097	2.23
2098	1.97
2099	1.55
2100	1.29
2101	1.09
2102	0.980
2103	1.07
2104	0.950
2105	0.840
2106	0.800
2107	0.950
2108	0.980
2109	0.850
2110	0.870
2111	1.10750000000000
2112	0.720
2113	0.975
2114	1.08
2115	1.05500000000000
2116	1.10500000000000
2117	1.00250000000000
2118	1.02750000000000
2119	1.12750000000000
2120	1.23
2121	1.18250000000000
2122	1.17250000000000
2123	1.38
2124	1.40
2125	1.41
2126	1.29250000000000
2127	1.21500000000000
2128	1.22250000000000
2129	1.31
2130	1.31
2131	1.20250000000000
2132	1.10
2133	1.04750000000000
2134	0.947500000000000
2135	0.945
2136	0.892500000000000
2137	0.907500000000000
2138	0.895
2139	0.950
2140	0.980
2141	1.06
2142	1.19500000000000
2143	1.31250000000000
2144	1.21
2145	1.16
2146	1.22750000000000
2147	1.31250000000000
2148	1.29750000000000
2149	1.32
2150	1.15750000000000
2151	1.15
2152	1.08250000000000
2153	1.05750000000000
2154	1.04250000000000
2155	1.09250000000000
2156	1.23500000000000
2157	1.34750000000000
2158	1.20500000000000
2159	1.17500000000000
2160	1.05250000000000
2161	1.06250000000000
2162	1.03750000000000
2163	1.00250000000000
2164	1.00750000000000
2165	0.992500000000000
2166	1.07750000000000
2167	1.02750000000000
2168	0.995
2169	0.980
2170	1
2171	0.990
2172	0.970
2173	1.02
2174	1.10750000000000
2175	1.10
2176	1.07750000000000
2177	1.06
2178	1.19
2179	1.26
2180	1.28250000000000
2181	1.33
2182	1.48
2183	1.37250000000000
2184	1.30750000000000
2185	1.28750000000000
2186	1.27500000000000
2187	1.47750000000000
2188	1.54750000000000
2189	0.980
2190	0.980
2191	0.940
2192	0.960
2193	0.910
2194	0.900
2195	0.920
2196	1.06
2197	1.08
2198	1.05
2199	0.990
2200	1.18
2201	0.980
2202	1.03
2203	0.960
2204	0.900
2205	0.920
2206	0.970
2207	1.13
2208	1.14
2209	1.05
2210	1.25
2211	1.24
2212	1.20
2213	1.14
2214	1.17
2215	1.19
2216	1.11
2217	1.13
2218	1.18
2219	1.07
2220	1.04
2221	1.17
2222	0.980
2223	0.960
2224	1.10
2225	1.20
2226	0.990
2227	1.06
2228	1.21
2229	1.05
2230	0.930
2231	0.990
2232	1.05
2233	0.950
2234	0.920
2235	0.760
2236	0.800
2237	0.790
2238	0.880
2239	0.950
2240	1.06
2241	1.23
2242	1.59
2243	1.57
2244	1.54
2245	1.63
2246	1.97
2247	1.54
2248	1.27
2249	1.33
2250	1.27
2251	1.04
2252	1.10
2253	1.03
2254	0.880
2255	1.05
2256	1.10
2257	1.17
2258	1.14
2259	1.07
2260	1.14
2261	1.11
2262	1.05
2263	1.15
2264	1.29
2265	1.07
2266	1.24
2267	1.42
2268	1.44
2269	1.30
2270	1.45
2271	1.52
2272	1.49
2273	1.54
2274	1.57
2275	1.52
2276	1.38
2277	1.37
2278	1.33
2279	1.27
2280	1.14
2281	1.04
2282	1.21
2283	1.26
2284	1.77
2285	2.17
2286	2.60
2287	2.88
2288	2.65
2289	2.55
2290	1.99
2291	1.73
2292	1.75
2293	1.62
2294	1.32
2295	1.15
2296	0.910
2297	0.850
2298	0.830
2299	0.980
2300	1.17
2301	1.15
2302	1.13
2303	0.920
2304	0.960
2305	0.890
2306	0.770
2307	0.690
2308	0.880
2309	0.760
2310	0.840
2311	0.970
2312	1.01
2313	0.980
2314	1.15
2315	1.30
2316	1.15
2317	1.25
2318	1.37
2319	1.45
2320	1.48
2321	1.28
2322	1.31
2323	1.15
2324	1.07
2325	0.840
2326	0.800
2327	0.660
2328	0.800
2329	0.810
2330	1.04
2331	1
2332	0.990
2333	1.12
2334	1.20
2335	1.15
2336	1.06
2337	1.03
2338	0.990
2339	0.920
2340	0.890
2341	0.850
2342	0.760
2343	0.760
2344	0.810
2345	0.690
2346	0.710
2347	0.800
2348	0.810
2349	0.850
2350	0.810
2351	0.820
2352	0.860
2353	0.890
2354	0.980
2355	1.20
2356	1.18
2357	1.19
2358	1.21
2359	1.32
2360	1.20
2361	1.17
2362	0.930
2363	0.900
2364	1
2365	0.940
2366	0.890
2367	0.880
2368	0.870
2369	0.940
2370	0.860
2371	0.880
2372	0.870
2373	0.860
2374	0.820
2375	0.910
2376	0.940
2377	0.910
2378	0.900
2379	1.09
2380	1.08
2381	0.910
2382	1.07
2383	1.12
2384	1.02
2385	1.14
2386	1.77
2387	1.53
2388	1.54
2389	1.49
2390	1.53
2391	1.57
2392	1.51
2393	1.71
2394	1.64
2395	1.46
2396	1.35
2397	1.32
2398	1.33
2399	1.11
2400	1.09
2401	1.11
2402	0.980
2403	0.940
2404	0.870
2405	0.890
2406	0.890
2407	1.02
2408	1.23
2409	1.52
2410	1.64
2411	1.63
2412	1.41
2413	1.32
2414	1.44
2415	1.32
2416	1.31
2417	1.20
2418	1.24
2419	1.05
2420	1.04
2421	1.14
2422	1.22
2423	1.25
2424	1.18
2425	1.07
2426	1.09
2427	1.13
2428	1.26
2429	1.87
2430	2.03
2431	1.46
2432	1.33
2433	1.01
2434	1
2435	0.960
2436	0.960
2437	0.860
2438	0.870
2439	0.770
2440	0.810
2441	0.820
2442	0.950
2443	0.920
2444	0.870
2445	0.850
2446	0.810
2447	0.830
2448	1.57
2449	2
2450	2.28
2451	2.35
2452	2.27
2453	2.51
2454	2.15
2455	2.28
2456	2.20
2457	2.26
2458	2.20
2459	2.62
2460	2.51
2461	3.07
2462	2.74
2463	3.50
2464	3.27
2465	2.69
2466	3.08
2467	3.07
2468	3.19
2469	2.98
2470	2.68
2471	2.05
2472	1.87
2473	1.61
2474	1.60
2475	2.10
2476	2.05
2477	2.72
2478	2.29
2479	1.85
2480	1.83
2481	2.15
2482	2.06
2483	2.02
2484	1.98
2485	1.96
2486	2.16
2487	2.16
2488	2.04
2489	2.01
2490	2.20
2491	2.41
2492	2.05
2493	2.17
2494	1.84
2495	2.60
2496	2.22
2497	1.94
2498	2.11
2499	1.88
2500	1.51
2501	1.39
2502	1.31
2503	1.51
2504	1.47
2505	1.42
2506	1.64
2507	1.61
2508	1.24
2509	1.23
2510	1.21
2511	1.26
2512	1.06
2513	0.950
2514	1.10
2515	1.04
2516	0.950
2517	1.07
2518	1.06
2519	1.28
2520	1.21
2521	1.27
2522	1.65
2523	1.60
2524	1.89
2525	1.86
2526	1.86
2527	1.49
2528	1.72
2529	1.46
2530	1.46
2531	1.25
2532	1.34
2533	1.07
2534	1.22
2535	1.73
2536	1.69
2537	1.39
2538	1.56
2539	1.45
2540	1.19
2541	1.17
2542	1.19
2543	1.13
2544	1.09
2545	1.19
2546	1.26
2547	1.20
2548	1.22
2549	1.26
2550	1.30
2551	1.22
2552	1.31
2553	1.39
2554	1.43
2555	1.40
2556	1.16
2557	1.15
2558	0.980
2559	1
2560	0.910
2561	0.950
2562	1.13
2563	1.23
2564	1.17
2565	1.25
2566	1.17
2567	1.08
2568	1.09
2569	1.01
2570	1.20
2571	1.02
2572	0.960
2573	0.820
2574	0.980
2575	1.28
2576	1.16
2577	0.950
2578	0.830
2579	0.790
2580	0.750
2581	0.830
2582	0.880
2583	1
2584	1
2585	0.980
2586	1.23
2587	1.37
2588	1.17
2589	1.39
2590	1.49
2591	1.67
2592	1.86
2593	1.52
2594	1.57
2595	1.46
2596	1.53
2597	1.44
2598	1.31
2599	1.50
2600	1.70
2601	1.75
2602	1.72
2603	2.50
2604	2.22
2605	1.92
2606	2.42
2607	2.34
2608	2.46
2609	3.17
2610	3.15
2611	3.22
2612	2.95
2613	2.66
2614	2.42
2615	2.52
2616	2.29
2617	2.43
2618	2.89
2619	3.48
2620	3.60
2621	3.12
2622	2.76
2623	2.36
2624	2.08
2625	2.20
2626	1.85
2627	2.29
2628	1.78
2629	1.74
2630	1.73
2631	1.68
2632	1.55
2633	1.60
2634	1.64
2635	1.79
2636	1.83
2637	1.44
2638	1.24
2639	1.23
2640	1.18
2641	1.21
2642	1.21
2643	1.62
2644	2.24
2645	2.22
2646	1.54
2647	1.60
2648	1.53
2649	1.60
2650	1.50
2651	1.37
2652	1.29
2653	1.18
2654	1.15
2655	1.11
2656	1.06
2657	1.34
2658	1.90
2659	1.93
2660	2.57
2661	3.85
2662	5.02
2663	5.42
2664	5.54
2665	4.75
2666	6.86
2667	7.82
2668	8.11
2669	10.8600000000000
2670	9.73
2671	8.93
2672	8.15
2673	6.40
2674	4.85
2675	4.71
2676	3.91
2677	3.82
2678	3.94
2679	4.11
2680	4.16
2681	3.44
2682	3.21
2683	3.48
2684	3.12
2685	3.18
2686	3.16
2687	4.14
2688	3.60
2689	2.85
2690	2.74
2691	2.14
2692	2.98
2693	2.48
2694	2.64
2695	2.28
2696	2.16
2697	2
2698	1.48
2699	1.53
2700	1.85
2701	1.96
2702	1.48
2703	1.17
2704	1.23
2705	1.24
2706	1.89
2707	2.26
2708	2.28
2709	2.23
2710	2.45
2711	2.52
2712	2.69
2713	2.51
2714	3.05
2715	3.60
2716	2.95
2717	2.94
2718	3.26
2719	2.72
2720	2.36
2721	2.33
2722	2.22
2723	1.88
2724	1.79
2725	1.89
2726	2.01
2727	2.21
2728	2.71
2729	2.77
2730	3.07
2731	2.70
2732	2.82
2733	3.04
2734	2.81
2735	2.77
2736	2.55
2737	2.46
2738	2.15
2739	2.41
2740	2.95
2741	3.03
2742	2.77
2743	2.23
2744	2.62
2745	2.50
2746	2.31
2747	2.41
2748	2.17
2749	2.48
2750	2.46
2751	2.12
2752	2.38
2753	2.13
2754	2.45
2755	2.63
2756	2.35
2757	1.91
2758	2.23
2759	2.05
2760	2.77
2761	2.30
2762	2.96
2763	3.32
2764	2.81
2765	2.74
2766	3
2767	2.90
2768	2.87
2769	3.64
2770	5.39
2771	4.71
2772	5
2773	4.31
2774	4.39
2775	3.15
2776	2.89
2777	2.51
2778	2.97
2779	3.07
2780	2.94
2781	2.40
2782	2.12
2783	1.71
2784	1.52
2785	1.34
2786	1.21
2787	1.05
2788	0.940
2789	0.880
2790	0.990
2791	0.900
2792	0.790
2793	1.01
2794	1.87
2795	2.19
2796	2.37
2797	2.16
2798	2.35
2799	2.38
2800	2.04
2801	1.70
2802	1.55
2803	1.54
2804	1.56
2805	1.67
2806	1.43
2807	1.47
2808	1.59
2809	1.47
2810	2.41
2811	2.18
2812	1.88
2813	1.92
2814	1.80
2815	1.65
2816	1.72
2817	1.64
2818	1.41
2819	1.52
2820	1.41
2821	1.18
2822	1.19
2823	1.26
2824	1.22
2825	1.65
2826	1.76
2827	2.05
2828	1.98
2829	1.70
2830	1.56
2831	1.47
2832	1.45
2833	1.25
2834	1.24
2835	1.30
2836	1.16
2837	1.07
2838	1
2839	0.970
2840	1.23
2841	1.45
2842	1.52
2843	1.65
2844	1.94
2845	1.94
2846	1.70
2847	1.47
2848	1.43
2849	1.37
2850	1.48
2851	1.77
2852	2.12
2853	2.32
2854	3.13
2855	3
2856	3.62
2857	3.27
2858	2.69
2859	2.65
2860	2.45
2861	1.84
2862	1.66
2863	1.80
2864	1.41
2865	1.33
2866	1.34
2867	1.44
2868	1.78
2869	1.90
2870	2.02
2871	2.51
2872	2.23
2873	2.15
2874	3.64
2875	4.91
2876	3.41
2877	3.53
2878	4.40
2879	4.31
2880	3.70
2881	3.61
2882	2.84
2883	3.02
2884	4.11
2885	5.17
2886	5.01
2887	5.75
2888	5.70
2889	6.01
2890	4.80
2891	4.50
2892	4.59
2893	4.11
2894	2.46
2895	1.76
2896	1.79
2897	1.61
2898	1.41
2899	1.50
2900	1.39
2901	1.36
2902	1.11
2903	0.990
2904	1.17
2905	2.06
2906	2.52
2907	4.77
2908	3.62
2909	4.72
2910	3.36
2911	2.86
2912	3.09
2913	2.97
2914	1.80
2915	1.94
2916	1.83
2917	2.78
2918	4.40
2919	3.69
2920	5
2921	7.14
2922	6.31
2923	4.91
2924	4.25
2925	3.89
2926	2.86
2927	2.33
2928	2.46
2929	2.91
2930	2.90
2931	2.92
2932	3.19
2933	3.06
2934	2.45
2935	2.01
2936	1.70
2937	1.81
2938	2.06
2939	1.60
2940	1.40
2941	1.35
2942	1.31
2943	1.51
2944	1.60
2945	1.50
2946	1.73
2947	1.45
2948	1.27
2949	1.20
2950	1.42
2951	1.97
2952	2.32
2953	2.92
2954	2.15
2955	1.91
2956	1.78
2957	1.52
2958	1.29
2959	1.25
2960	1.07
2961	1.06
2962	0.990
2963	0.990
2964	1.04
2965	1.09
2966	1.26
2967	1.63
2968	1.60
2969	1.48
2970	1.93
2971	1.49
2972	1.66
2973	2.19
2974	2.07
2975	2.39
2976	2.08
2977	2.50
2978	2.12
2979	1.82
2980	1.84
2981	2
2982	1.57
2983	1.65
2984	1.28
2985	1.08
2986	0.920
2987	0.910
2988	0.890
2989	0.940
2990	0.920
2991	0.930
2992	0.850
2993	1.12
2994	1.85
2995	2.43
2996	2.20
2997	3.31
2998	3.37
2999	3.44
3000	3.20
3001	2.51
3002	2.25
3003	2.19
3004	1.59
3005	1.13
3006	1.07
3007	0.890
3008	1.01
3009	1.06
3010	1.36
3011	2.21
3012	1.99
3013	2.18
3014	1.97
3015	3.52
3016	3.14
3017	2.67
3018	2.90
3019	2.65
3020	3.26
3021	4.72
3022	5.74
3023	5.01
3024	4.89
3025	3.39
3026	2.61
3027	2.12
3028	2.65
3029	2.16
3030	1.96
3031	2.18
3032	2.54
3033	2.84
3034	2.90
3035	2.66
3036	2.43
3037	2.10
3038	1.78
3039	1.34
3040	1.12
3041	1.08
3042	1.18
3043	1.29
3044	1.06
3045	1.03
3046	1.44
3047	2.19
3048	3.02
3049	2.99
3050	2.92
3051	3.30
3052	2.79
3053	2.72
3054	3.30
3055	3.71
3056	3.09
3057	2.42
3058	1.95
3059	1.62
3060	1.66
3061	3.12
3062	5.64
3063	4.68
3064	3.33
3065	3.43
3066	2.43
3067	2.51
3068	1.91
3069	1.82
3070	1.82
3071	1.93
3072	1.76
3073	1.37
3074	1.27
3075	1.06
3076	1.28
3077	1.27
3078	1.49
3079	2.09
3080	2.13
3081	2.72
3082	2.66
3083	3.11
3084	4.33
3085	5.51
3086	5.44
3087	4.87
3088	5.06
3089	4
3090	3.57
3091	3.25
3092	2.86
3093	2.33
3094	2.05
3095	2.33
3096	2.69
3097	2.63
3098	2.37
3099	2.31
3100	2.06
3101	2.38
3102	2.36
3103	2.63
3104	2.19
3105	2.37
3106	2.07
3107	2.29
3108	2.06
3109	1.55
3110	1.88
3111	2.01
3112	2.39
3113	2.12
3114	2.05
3115	4.78
3116	6.75
3117	6.11
3118	6.85
3119	6.54
3120	5.72
3121	4.90
3122	3.84
3123	2.86
3124	2.03
3125	1.61
3126	1.73
3127	2.02
3128	2.42
3129	2.14
3130	1.86
3131	1.97
3132	2.01
3133	2.38
3134	2.68
3135	3.23
3136	3.25
3137	2.85
3138	2.32
3139	2.14
3140	2.24
3141	1.90
3142	2.31
3143	2.82
3144	2.97
3145	2.81
3146	2.49
3147	2.40
3148	2.62
3149	2.87
3150	2.62
3151	2.52
3152	2.36
3153	2.91
3154	2.88
3155	2.78
3156	2.70
3157	2.53
3158	2.49
3159	2.38
3160	2.24
3161	2.52
3162	3.18
3163	4.41
3164	3.26
3165	2.79
3166	2.46
3167	2.27
3168	1.87
3169	1.68
3170	2.39
3171	2
3172	1.86
3173	2.19
3174	2.40
3175	2.54
3176	3.06
3177	3.56
3178	4.36
3179	3.76
3180	3.51
3181	2.83
3182	2.46
3183	2.37
3184	3.66
3185	4.82
3186	7.08
3187	7.96
3188	8.15
3189	7.21
3190	7.13
3191	7.62
3192	5.73
3193	5.91
3194	6.69
3195	6.19
3196	6.25
3197	7.37
3198	6.51
3199	5.60
3200	5.18
3201	4.53
3202	4.34
3203	4.37
3204	4.25
3205	3.65
3206	3.53
3207	3.62
3208	3.71
3209	3.35
3210	3.47
3211	2.91
3212	2.67
3213	2.59
3214	2.76
3215	2.49
3216	2.50
3217	2.55
3218	2.98
3219	3.16
3220	2.97
3221	2.88
3222	2.16
3223	2.11
3224	2.45
3225	2.81
3226	2.92
3227	3.14
3228	3.10
3229	2.92
3230	2.50
3231	2.06
3232	1.58
3233	1.57
3234	1.60
3235	1.47
3236	1.65
3237	1.77
3238	1.78
3239	1.68
3240	1.44
3241	1.31
3242	1.22
3243	1.73
3244	2.31
3245	3.48
3246	4.10
3247	3.60
3248	4.22
3249	3.62
3250	3.12
3251	2.70
3252	2.68
3253	2.10
3254	1.93
3255	1.51
3256	1.41
3257	2.77
3258	2.91
3259	3.07
3260	2.84
3261	2.82
3262	5.58
3263	5.51
3264	5.65
3265	3.97
3266	3.57
3267	3.63
3268	3.48
3269	3.71
3270	3.75
3271	3.50
3272	3.43
3273	3.78
3274	3.99
3275	3.85
3276	3.16
3277	2.61
3278	2.40
3279	2.44
3280	2.09
3281	1.78
3282	1.69
3283	1.35
3284	1.32
3285	1.51
3286	2
3287	2.37
3288	2.04
3289	2.21
3290	2.15
3291	2.12
3292	1.87
3293	1.56
3294	1.54
3295	1.95
3296	1.56
3297	1.53
3298	1.30
3299	1.67
3300	2.02
3301	1.81
3302	1.90
3303	1.71
3304	1.70
3305	1.93
3306	1.74
3307	1.67
3308	1.69
3309	3.35
3310	2.86
3311	2.65
3312	2.50
3313	2.33
3314	2.55
3315	2.66
3316	2.33
3317	2.14
3318	2.05
3319	1.99
3320	1.90
3321	1.64
3322	1.49
3323	1.38
3324	1.21
3325	1.12
3326	1.26
3327	1.21
3328	1.04
3329	1.01
3330	1.05
3331	0.970
3332	1.02
3333	1.08
3334	1.08
3335	1.34
3336	1.40
3337	1.43
3338	1.24
3339	1.42
3340	1.31
3341	1.22
3342	1.28
3343	1.27
3344	1.14
3345	2.21
3346	2.56
3347	2.19
3348	1.96
3349	2.11
3350	2.07
3351	2.23
3352	1.88
3353	1.93
3354	1.83
3355	1.64
3356	1.53
3357	1.28
3358	1.25
3359	1.30
3360	1.27
3361	1.23
3362	1.41
3363	1.76
3364	1.84
3365	1.54
3366	1.69
3367	1.65
3368	1.74
3369	1.82
3370	1.70
3371	1.62
3372	1.87
3373	1.85
3374	2.19
3375	2.58
3376	2.66
3377	2.61
3378	2.22
3379	2.21
3380	2.63
3381	2.30
3382	2.40
3383	2.38
3384	1.80
3385	1.84
3386	1.67
3387	1.98
3388	1.83
3389	2.03
3390	2.22
3391	2.22
3392	2.61
3393	2.73
3394	2.69
3395	2.55
3396	2.80
3397	2.49
3398	2.19
3399	2.13
3400	2.26
3401	2.20
3402	1.78
3403	1.99
3404	1.81
3405	1.95
3406	1.56
3407	1.61
3408	1.63
3409	1.46
3410	1.40
3411	1.67
3412	1.80
3413	1.79
3414	1.78
3415	2.10
3416	2.01
3417	2.34
3418	2.05
3419	2.14
3420	2.09
3421	1.87
3422	2.13
3423	2
3424	1.74
3425	1.95
3426	1.96
3427	2.10
3428	2.18
3429	2.09
3430	1.90
3431	2.07
3432	2.13
3433	2.20
3434	2.03
3435	1.71
3436	1.85
3437	1.55
3438	1.43
3439	1.28
3440	1.23
3441	1.36
3442	1.30
3443	1.14
3444	1.13
3445	1.05
3446	1.11
3447	1.04
3448	1.16
3449	1.03
3450	1.18
3451	1.37
3452	1.77
3453	1.67
3454	1.74
3455	1.93
3456	1.83
3457	1.77
3458	1.57
3459	3
3460	3.25
3461	2.61
3462	2.52
3463	2.17
3464	1.72
3465	1.43
3466	1.19
3467	1.02
3468	1.07
3469	1.19
3470	1.37
3471	1.37
3472	1.45
3473	1.33
3474	1.09
3475	1.08
3476	1.01
3477	1.06
3478	1.50
3479	1.65
3480	1.60
3481	1.63
3482	1.49
3483	1.42
3484	1.53
3485	1.35
3486	1.14
3487	1.05
3488	0.900
3489	0.930
3490	0.770
3491	0.770
3492	0.700
3493	0.830
3494	0.970
3495	1.09
3496	1.27
3497	1.40
3498	1.50
3499	1.95
3500	2.05
3501	1.98
3502	1.93
3503	1.89
3504	1.68
3505	2.61
3506	2.78
3507	2.02
3508	1.69
3509	1.57
3510	1.43
3511	1.37
3512	1.17
3513	1.23
3514	1.10
3515	1.06
3516	0.980
3517	1.07
3518	1.06
3519	0.910
3520	0.950
3521	1.01
3522	1.11
3523	1.12
3524	1.13
3525	1.22
3526	1.04
3527	0.910
3528	0.950
3529	1.04
3530	0.950
3531	0.920
3532	1.05
3533	1
3534	0.950
3535	0.940
3536	0.930
3537	1.02
3538	0.940
3539	0.910
3540	1.01
3541	1.08
3542	1.19
3543	1.19
3544	1.24
3545	1.10
3546	1.12
3547	1.29
3548	1.31
3549	1.27
3550	1.23
3551	1.12
3552	1.22
3553	1.21
3554	1.50
3555	1.47
3556	1.66
3557	1.53
3558	1.63
3559	1.58
3560	1.66
3561	1.31
3562	1.24
3563	1.16
3564	1.26
3565	1.24
3566	1.36
3567	1.52
3568	1.58
3569	1.38
3570	1.26
3571	1.18
3572	1.15
3573	1.07
3574	1.23
3575	1.32
3576	1.53
3577	1.43
3578	1.60
3579	1.62
3580	1.52
3581	1.51
3582	1.73
3583	2.07
3584	2.25
3585	2.45
3586	2.07
3587	1.74
3588	1.82
3589	2.34
3590	2.04
3591	1.76
3592	1.46
3593	1.31
3594	1.16
3595	1.15
3596	1.09
3597	1
3598	0.990
3599	1.03
3600	1.14
3601	1.21
3602	1.10
3603	1.34
3604	1.22
3605	1.26
3606	1.39
3607	1.31
3608	1.22
3609	1.06
3610	1.09
3611	1.12
3612	1.12
3613	1.02
3614	1.07
3615	1.17
3616	1.01
3617	1.05
3618	0.910
3619	1.01
3620	1.01
3621	0.930
3622	1
3623	0.930
3624	0.850
3625	0.790
3626	0.830
3627	0.820
3628	0.670
3629	0.760
3630	0.770
3631	0.810
3632	0.820
3633	0.760
3634	0.900
3635	0.870
3636	0.780
3637	0.840
3638	1.11
3639	1.30
3640	1.34
3641	1.42
3642	1.68
3643	1.51
3644	1.57
3645	1.60
3646	1.47
3647	1.48
3648	1.35
3649	1.25
3650	1.33
3651	1.26
3652	1.29
3653	1.25
3654	1.21
3655	1.06
3656	0.950
3657	1.13
3658	1.03
3659	0.990
3660	0.960
3661	1.16
3662	1.09
3663	1.08
3664	1.02
3665	1.05
3666	1.01
3667	1.07
3668	1.15
3669	1.08
3670	0.960
3671	1.02
3672	0.830
3673	0.880
3674	0.770
3675	0.800
3676	0.720
3677	0.680
3678	0.680
3679	0.750
3680	0.690
3681	0.690
3682	0.680
3683	0.620
3684	0.570
3685	0.610
3686	0.610
3687	0.570
3688	0.660
3689	0.650
3690	0.590
3691	0.620
3692	0.690
3693	0.690
3694	0.800
3695	0.870
3696	0.870
3697	0.890
3698	0.820
3699	0.990
3700	1.07
3701	1.33
3702	1.60
3703	1.68
3704	1.37
3705	1.22
3706	1.06
3707	0.990
3708	0.870
3709	0.730
3710	0.730
3711	0.810
3712	0.800
3713	0.920
3714	0.880
3715	0.950
3716	0.960
3717	0.890
3718	0.770
3719	0.760
3720	0.740
3721	0.680
3722	0.680
3723	0.630
3724	0.670
3725	0.760
3726	0.840
3727	0.930
3728	0.980
3729	0.890
3730	0.950
3731	0.920
3732	0.920
3733	1.07
3734	1.05
3735	1
3736	1.25
3737	1.35
3738	1.48
3739	1.52
3740	1.94
3741	1.57
3742	1.74
3743	1.68
3744	1.93
3745	1.72
3746	1.66
3747	1.37
3748	1.52
3749	1.67
3750	1.88
3751	1.47
3752	1.51
3753	1.44
3754	1.12
3755	1.32
3756	1.63
3757	1.61
3758	1.51
3759	1.41
3760	1.31
3761	1.21
3762	1.24
3763	1.20
3764	1.16
3765	1.22
3766	1.30
3767	1.39
3768	1.49
3769	1.34
3770	1.36
3771	1.10
3772	0.880
3773	0.900
3774	0.870
3775	0.840
3776	0.890
3777	0.910
3778	0.810
3779	0.900
3780	0.930
3781	0.910
3782	1
3783	1.22
3784	0.900
3785	1.09
3786	1.28
3787	1.42
3788	2.36
3789	2.54
3790	1.83
3791	1.39
3792	1.24
3793	1.04
3794	1.18
3795	1.14
3796	0.980
3797	1.12
3798	1.24
3799	0.940
3800	0.840
3801	0.760
3802	0.740
3803	0.730
3804	0.820
3805	0.870
3806	0.930
3807	0.840
3808	0.910
3809	0.940
3810	0.920
3811	0.810
3812	0.900
3813	1
3814	0.950
3815	0.880
3816	1.06
3817	0.920
3818	0.910
3819	0.950
3820	0.830
3821	0.860
3822	0.770
3823	0.770
3824	0.770
3825	0.790
3826	1.03
3827	1.22
3828	1.35
3829	1.41
3830	1.60
3831	1.23
3832	1.11
3833	1
3834	1.26
3835	1.01
3836	0.860
3837	0.840
3838	0.840
3839	0.790
3840	0.880
3841	1.11
3842	1.07
3843	1.19
3844	1.12
3845	1.22
3846	1.08
3847	0.980
3848	1.17
3849	1.17
3850	0.990
3851	1.01
3852	1.07
3853	1.17
3854	1.08
3855	0.970
3856	0.880
3857	0.810
3858	0.780
3859	0.730
3860	0.770
3861	0.650
3862	0.660
3863	0.610
3864	0.750
3865	0.670
3866	0.640
3867	0.730
3868	0.840
3869	0.880
3870	0.850
3871	0.770
3872	1.73
3873	1.94
3874	2.33
3875	2.01
3876	1.75
3877	1.63
3878	1.37
3879	1.10
3880	1.03
3881	0.920
3882	0.890
3883	0.830
3884	0.760
3885	0.950
3886	0.940
3887	1.23
3888	2.02
3889	2.29
3890	2.53
3891	2.16
3892	1.46
3893	1.22
3894	1.62
3895	1.42
3896	1.28
3897	1.22
3898	1.17
3899	1.04
3900	0.950
3901	0.850
3902	0.750
3903	0.780
3904	0.790
3905	0.850
3906	0.940
3907	0.990
3908	0.970
3909	1.07
3910	1.19
3911	1.01
3912	1.08
3913	1.06
3914	0.930
3915	0.820
3916	0.880
3917	0.920
3918	1.09
3919	1.47
3920	1.46
3921	1.35
3922	1.49
3923	1.40
3924	1.37
3925	1.54
3926	1.55
3927	1.36
3928	1.22
3929	1.09
3930	1.04
3931	1.07
3932	1.17
3933	1.27
3934	1.35
3935	1.55
3936	1.97
3937	1.76
3938	1.90
3939	1.79
3940	2.04
3941	1.72
3942	1.37
3943	1.13
3944	0.940
3945	0.850
3946	0.830
3947	0.850
3948	0.820
3949	1.04
3950	1.06
3951	0.950
3952	0.940
3953	1.12
3954	0.990
3955	1
3956	0.880
3957	1.02
3958	1.20
3959	1.18
3960	1.10
3961	1.26
3962	1.46
3963	1.65
3964	1.46
3965	1.68
3966	2.18
3967	2.74
3968	2.81
3969	2.87
3970	2.36
3971	2.07
3972	1.96
3973	1.94
3974	1.78
3975	1.80
3976	1.74
3977	1.60
3978	1.60
3979	1.42
3980	1.26
3981	1.15
3982	1.04
3983	1.20
3984	1.21
3985	1.19
3986	1.21
3987	1.29
3988	1.79
3989	2.33
3990	1.84
3991	2.41
3992	1.90
3993	1.73
3994	1.40
3995	1.16
3996	0.980
3997	0.940
3998	1.31
3999	2.60
4000	2.21
4001	2.01
4002	1.89
4003	1.78
4004	2.03
4005	2.17
4006	1.70
4007	2.20
4008	2.07
4009	2.07
4010	2.04
4011	2.03
4012	1.84
4013	1.79
4014	1.96
4015	1.46
4016	1.64
4017	1.54
4018	1.49
4019	1.54
4020	1.74
4021	1.31
4022	1.28
4023	1.25
4024	1.17
4025	0.970
4026	1.14
4027	1.03
4028	1.04
4029	0.770
4030	0.660
4031	0.720
4032	0.630
4033	0.600
4034	0.620
4035	0.610
4036	0.600
4037	0.500
4038	0.510
4039	0.620
4040	0.930
4041	1.18
4042	1.62
4043	1.70
4044	1.97
4045	2
4046	2.08
4047	1.68
4048	1.52
4049	1.33
4050	1.32
4051	1.30
4052	1.29
4053	1.36
4054	1.57
4055	1.41
4056	1.38
4057	1.46
4058	1.47
4059	1.69
4060	1.48
4061	1.40
4062	1.32
4063	1.29
4064	1.09
4065	1.07
4066	0.980
4067	1.40
4068	1.29
4069	1.63
4070	1.45
4071	1.52
4072	1.92
4073	2.08
4074	2.38
4075	1.86
4076	1.82
4077	1.55
4078	1.69
4079	1.54
4080	1.40
4081	1.32
4082	1.40
4083	1.46
4084	1.38
4085	1.20
4086	1.11
4087	0.940
4088	0.980
4089	0.850
4090	0.950
4091	0.860
4092	1.10
4093	1.06
4094	1.22
4095	1.17
4096	1.14
4097	1.01
4098	0.920
4099	0.870
4100	0.860
4101	1.36
4102	1.16
4103	0.940
4104	0.930
4105	0.820
4106	0.950
4107	1.36
4108	2.32
4109	2.44
4110	1.85
4111	1.92
4112	1.91
4113	1.73
4114	1.81
4115	1.65
4116	1.66
4117	1.70
4118	1.85
4119	2.30
4120	1.96
4121	1.92
4122	1.60
4123	1.66
4124	1.38
4125	1.39
4126	1.26
4127	1.28
4128	1.12
4129	1.33
4130	1.31
4131	1.29
4132	1.52
4133	1.50
4134	1.64
4135	1.52
4136	1.50
4137	1.49
4138	1.46
4139	1.43
4140	1.54
4141	1.53
4142	1.47
4143	1.72
4144	1.60
4145	1.61
4146	1.89
4147	1.79
4148	1.97
4149	1.93
4150	2.10
4151	1.96
4152	1.89
4153	1.94
4154	2.54
4155	3.12
4156	2.69
4157	3.52
4158	3.71
4159	3.13
4160	3.25
4161	3.30
4162	3.57
4163	3.28
4164	3.06
4165	2.64
4166	2.43
4167	2.54
4168	2.35
4169	2.06
4170	1.77
4171	1.68
4172	1.71
4173	2.72
4174	3.05
4175	2.72
4176	2.21
4177	1.88
4178	1.67
4179	1.64
4180	1.24
4181	0.990
4182	0.840
4183	1.01
4184	1.21
4185	1.20
4186	1.19
4187	1.68
4188	1.21
4189	1.21
4190	1.12
4191	1.83
4192	3.33
4193	4.85
4194	4.58
4195	3.94
4196	3.39
4197	2.87
4198	2.41
4199	1.88
4200	1.63
4201	1.73
4202	1.84
4203	1.58
4204	1.77
4205	1.51
4206	1.51
4207	1.37
4208	1.41
4209	1.30
4210	1.35
4211	1.39
4212	1.37
4213	1.37
4214	1.32
4215	1.67
4216	1.88
4217	2.04
4218	2.66
4219	2.78
4220	2.91
4221	2.73
4222	3.06
4223	2.79
4224	2.67
4225	2.38
4226	2.09
4227	1.85
4228	1.84
4229	1.65
4230	1.58
4231	1.55
4232	1.30
4233	1.35
4234	1.62
4235	2.54
4236	2.75
4237	3.71
4238	4.75
4239	5.32
4240	3.96
4241	3.17
4242	2.36
4243	2.04
4244	1.93
4245	1.72
4246	2.50
4247	3.03
4248	3.21
4249	3.18
4250	3.32
4251	3.10
4252	3.61
4253	2.78
4254	2.98
4255	2.48
4256	2.20
4257	2.01
4258	1.91
4259	2.04
4260	2.32
4261	2.05
4262	2.47
4263	2.47
4264	3.23
4265	2.56
4266	1.71
4267	1.45
4268	1.29
4269	1.25
4270	1.30
4271	1.56
4272	2.14
4273	2.17
4274	1.74
4275	1.91
4276	1.92
4277	1.61
4278	1.49
4279	1.43
4280	1.31
4281	1.16
4282	1.08
4283	0.990
4284	1.01
4285	0.860
4286	0.920
4287	1.01
4288	1.04
4289	1.23
4290	1.29
4291	1.38
4292	1.29
4293	1.64
4294	1.43
4295	1.30
4296	1.25
4297	1.13
4298	1.13
4299	1.18
4300	1.32
4301	1.95
4302	1.88
4303	2.05
4304	2.25
4305	2.82
4306	2.02
4307	1.82
4308	1.36
4309	1.15
4310	2.19
4311	2.68
4312	2.78
4313	1.92
4314	1.67
4315	1.48
4316	1.41
4317	1.58
4318	2.25
4319	2.64
4320	2.57
4321	2.32
4322	2.59
4323	2.30
4324	2.04
4325	2.07
4326	2.07
4327	1.81
4328	1.82
4329	1.83
4330	1.62
4331	1.78
4332	2.63
4333	3.22
4334	2.79
4335	2.48
4336	2.31
4337	1.95
4338	1.82
4339	1.52
4340	1.43
4341	1.46
4342	1.41
4343	1.43
4344	1.31
4345	1.59
4346	1.36
4347	1.30
4348	1.39
4349	1.59
4350	1.46
4351	1.48
4352	1.62
4353	1.68
4354	1.87
4355	1.84
4356	1.88
4357	1.91
4358	2
4359	2.87
4360	3.34
4361	2.93
4362	2.79
4363	2.44
4364	2.31
4365	2.08
4366	2.05
4367	1.64
4368	1.45
4369	1.45
4370	3.06
4371	2.61
4372	2.20
4373	1.90
4374	1.73
4375	1.59
4376	1.42
4377	1.54
4378	1.45
4379	1.49
4380	1.81
4381	1.88
4382	1.64
4383	1.51
4384	1.60
4385	1.99
4386	1.86
4387	2.04
4388	2.19
4389	1.77
4390	1.87
4391	1.77
4392	2.02
4393	2.03
4394	2.10
4395	3.33
4396	4.04
4397	5.02
4398	4.24
4399	4.47
4400	4.53
4401	3.91
4402	3.38
4403	2.93
4404	2.99
4405	2.24
4406	2.18
4407	1.78
4408	2.16
4409	2.42
4410	2.64
4411	2.66
4412	3.75
4413	3.91
4414	3.41
4415	3.32
4416	2.55
4417	1.95
4418	1.79
4419	1.93
4420	1.69
4421	2
4422	1.99
4423	1.93
4424	2
4425	1.60
4426	1.67
4427	1.79
4428	2.20
4429	2.31
4430	2.54
4431	2.60
4432	3.74
4433	3.36
4434	3.21
4435	2.66
4436	2.50
4437	2.25
4438	1.81
4439	1.50
4440	1.53
4441	1.80
4442	1.52
4443	1.56
4444	1.50
4445	1.60
4446	1.79
4447	2.20
4448	2.36
4449	2.14
4450	2.53
4451	2.17
4452	1.77
4453	2
4454	1.79
4455	1.64
4456	2.16
4457	2.40
4458	3.75
4459	3.56
4460	2.68
4461	2.20
4462	1.90
4463	2
4464	2.75
4465	2.12
4466	2
4467	1.89
4468	1.95
4469	2.54
4470	3.41
4471	4.47
4472	5.22
4473	4.21
4474	4.84
4475	4.60
4476	3.45
4477	2.97
4478	2.52
4479	2.29
4480	2.35
4481	2.76
4482	3.94
4483	3.49
4484	2.10
4485	2.17
4486	3.13
4487	4.21
4488	4.50
4489	3.58
4490	2.73
4491	1.89
4492	1.70
4493	1.65
4494	1.48
4495	1.49
4496	1.54
4497	1.56
4498	1.77
4499	2.11
4500	2.36
4501	2.12
4502	2.13
4503	2.50
4504	2.09
4505	2.01
4506	1.69
4507	1.58
4508	1.52
4509	1.63
4510	1.39
4511	1.36
4512	1.25
4513	1.24
4514	1.21
4515	1.25
4516	1.25
4517	1.40
4518	1.54
4519	1.65
4520	1.74
4521	1.56
4522	1.57
4523	1.46
4524	1.50
4525	1.41
4526	1.33
4527	1.85
4528	1.54
4529	1.53
4530	1.57
4531	1.58
4532	2
4533	1.73
4534	1.61
4535	1.86
4536	1.91
4537	1.89
4538	1.94
4539	1.79
4540	1.63
4541	1.38
4542	1.84
4543	1.60
4544	1.52
4545	1.76
4546	2.23
4547	2.25
4548	1.47
4549	1.34
4550	1.06
4551	1.20
4552	1.55
4553	1.46
4554	1.45
4555	1.64
4556	3.19
4557	3.09
4558	2.71
4559	3.26
4560	3
4561	3.52
4562	4.46
4563	5.86
4564	4.94
4565	4.22
4566	3.55
4567	2.27
4568	2.33
4569	4.65
4570	6.63
4571	5.13
4572	3.85
4573	3.55
4574	3.13
4575	3.14
4576	2.74
4577	2.65
4578	2.94
4579	2.35
4580	1.92
4581	1.45
4582	1.14
4583	1.12
4584	1.19
4585	1.26
4586	1.36
4587	1.18
4588	1.41
4589	1.34
4590	1.29
4591	1.36
4592	1.34
4593	1.22
4594	1.24
4595	1.36
4596	1.19
4597	1.34
4598	1.33
4599	1.47
4600	1.25
4601	1.49
4602	1.44
4603	1.26
4604	1.24
4605	1.17
4606	1.40
4607	1.69
4608	1.79
4609	1.97
4610	1.48
4611	1.42
4612	1.22
4613	1.30
4614	1.67
4615	2.36
4616	2.43
4617	2.14
4618	1.95
4619	1.78
4620	1.52
4621	1.72
4622	1.70
4623	3.84
4624	5.03
4625	4.55
4626	3.57
4627	2.82
4628	2.54
4629	2.21
4630	2.14
4631	2.03
4632	1.78
4633	1.81
4634	2.25
4635	2.38
4636	2.06
4637	3.50
4638	3.14
4639	2.40
4640	1.72
4641	1.51
4642	1.52
4643	1.48
4644	1.53
4645	2.48
4646	2.86
4647	3.07
4648	2.87
4649	2.49
4650	3.30
4651	5.16
4652	6.07
4653	4.73
4654	3.54
4655	3.38
4656	2.90
4657	2.30
4658	2.11
4659	2.19
4660	1.82
4661	1.73
4662	1.33
4663	1.34
4664	1.35
4665	1.46
4666	1.39
4667	1.33
4668	1.30
4669	1.53
4670	2.44
4671	3.39
4672	2.84
4673	4.23
4674	5.07
4675	5.10
4676	4.30
4677	3.11
4678	2.51
4679	1.77
4680	1.30
4681	1.02
4682	0.910
4683	1
4684	1.24
4685	0.990
4686	1.11
4687	1.62
4688	2.02
4689	1.99
4690	1.94
4691	2.18
4692	2.40
4693	3.12
4694	4.02
4695	3.36
4696	4.34
4697	4.38
4698	3.21
4699	3.38
4700	2.94
4701	2.61
4702	2.14
4703	2.28
4704	1.85
4705	1.62
4706	1.49
4707	1.26
4708	1.37
4709	1.38
4710	1.06
4711	0.970
4712	0.980
4713	1.19
4714	1.60
4715	2.27
4716	2.82
4717	3.06
4718	3.26
4719	2.41
4720	2.58
4721	3.98
4722	4.58
4723	7.28
4724	7.85
4725	6.63
4726	6.91
4727	6.03
4728	5.11
4729	5.30
4730	3.33
4731	2.64
4732	2.09
4733	1.91
4734	1.73
4735	1.59
4736	1.36
4737	1.37
4738	1.95
4739	1.97
4740	2.14
4741	3.08
4742	2.88
4743	3.83
4744	3.63
4745	4.02
4746	3.83
4747	3.94
4748	3.24
4749	2.87
4750	2.59
4751	2.11
4752	1.93
4753	2
4754	1.89
4755	1.83
4756	1.98
4757	2.06
4758	2.07
4759	1.92
4760	2.18
4761	2.24
4762	2.02
4763	1.97
4764	1.82
4765	1.81
4766	1.65
4767	1.38
4768	1.36
4769	1.17
4770	1.19
4771	1.22
4772	1.28
4773	1.20
4774	1.08
4775	1.13
4776	1.35
4777	1.79
4778	2.63
4779	3.44
4780	4
4781	3.01
4782	2.95
4783	3.11
4784	2.60
4785	2.03
4786	1.63
4787	1.20
4788	1.15
4789	1.11
4790	1.13
4791	0.900
4792	0.980
4793	1.03
4794	0.970
4795	1.06
4796	1.26
4797	1.12
4798	1.43
4799	1.60
4800	1.47
4801	1.79
4802	1.84
4803	1.76
4804	2.02
4805	2.23
4806	2.43
4807	2.12
4808	2.19
4809	2.45
4810	2.81
4811	2.95
4812	2.85
4813	2.77
4814	2.53
4815	2.23
4816	2.35
4817	2.45
4818	2
4819	1.91
4820	1.93
4821	1.71
4822	1.63
4823	1.78
4824	1.57
4825	1.75
4826	2.56
4827	2.82
4828	2.70
4829	2.29
4830	2.27
4831	2.03
4832	1.71
4833	1.59
4834	1.43
4835	1.29
4836	1.41
4837	1.67
4838	2.41
4839	3.36
4840	3.65
4841	3.90
4842	3.43
4843	3.35
4844	3.61
4845	3
4846	2.60
4847	2.01
4848	1.95
4849	1.91
4850	1.63
4851	1.79
4852	1.69
4853	1.34
4854	1.39
4855	1.66
4856	1.36
4857	1.57
4858	1.44
4859	1.57
4860	1.71
4861	1.63
4862	1.80
4863	2.17
4864	2.43
4865	2.27
4866	2.80
4867	1.71250000000000
4868	1.97
4869	1.62
4870	1.53
4871	1.81250000000000
4872	1.60
4873	1.57
4874	1.50
4875	2.03250000000000
4876	1.23
4877	1.29
4878	1.39
4879	1.31
4880	1.11
4881	1.06
4882	0.890
4883	1.66750000000000
4884	0.880
4885	0.860
4886	0.860
4887	1.53500000000000
4888	1.23
4889	1.13
4890	1.13
4891	1.69250000000000
4892	1.16
4893	1.24
4894	1.20
4895	1.48750000000000
4896	0.770
4897	0.710
4898	0.750
4899	1.91250000000000
4900	0.730
4901	0.710
4902	0.650
4903	0.590
4904	0.610
4905	0.660
4906	0.570
4907	0.550
4908	0.560
4909	0.580
4910	0.570
4911	0.580
4912	0.580
4913	0.680
4914	0.770
4915	0.780
4916	0.850
4917	0.820
4918	0.790
4919	0.700
4920	0.810
4921	0.770
4922	0.740
4923	0.770
4924	0.860
4925	0.980
4926	1.27
4927	2.11
4928	2
4929	1.68
4930	1.74
4931	1.58
4932	1.49
4933	1.46
4934	1.53
4935	1.74
4936	1.89
4937	2.37
4938	2.27
4939	2.15
4940	2.28
4941	2.02
4942	1.78
4943	1.83
4944	1.79
4945	1.53
4946	1.41
4947	1.37
4948	1.35
4949	1.16
4950	1.42
4951	1.62
4952	1.72
4953	1.58
4954	1.85
4955	1.86
4956	2.01
4957	1.70
4958	1.38
4959	1.48
4960	1.28
4961	1.18
4962	1.36
4963	1.44
4964	1.72
4965	1.43
4966	1.28
4967	1.30
4968	1.20
4969	1.17
4970	1.10
4971	1.03
4972	0.930
4973	0.750
4974	0.690
4975	0.940
4976	1.08
4977	1.22
4978	1.21
4979	1.33
4980	1.19
4981	1.16
4982	1.17
4983	1.77
4984	1.48
4985	1.64
4986	1.27
4987	1.44
4988	1.61
4989	1.75
4990	2.23
4991	2.03
4992	2.23
4993	2.95
4994	2.63
4995	2.25
4996	2.14
4997	2.41
4998	2.47
4999	2.74
5000	2.53
5001	2.28
5002	2.18
5003	1.46
5004	1.11
5005	1.02
5006	1.07
5007	1.02
5008	1.15
5009	1.34
5010	1.41
5011	1.31
5012	1.43
5013	1.53
5014	1.36
5015	1.28
5016	1.29
5017	1.39
5018	1.73
5019	1.80
5020	1.49
5021	1.50
5022	1.15
5023	1.05
5024	0.890
5025	0.800
5026	0.770
5027	0.760
5028	0.730
5029	0.670
5030	0.680
5031	0.670
5032	0.660
5033	0.640
5034	0.680
5035	0.670
5036	0.770
5037	0.820
5038	0.790
5039	0.890
5040	0.890
5041	1.02
5042	0.970
5043	1.11
5044	1.14
5045	1.12
5046	1.12
5047	1.16
5048	1.12
5049	1.09
5050	1.02
5051	1.05
5052	1.10
5053	1.12
5054	0.940
5055	0.860
5056	0.740
5057	0.790
5058	0.810
5059	0.920
5060	0.870
5061	0.880
5062	0.750
5063	0.940
5064	0.910
5065	0.770
5066	0.920
5067	1.16
5068	1.10
5069	1.12
5070	1.02
5071	1.19
5072	1.05
5073	0.990
5074	0.970
5075	1.18
5076	1.93
5077	2.25
5078	2.01
5079	1.74
5080	1.29
5081	1.25
5082	1.23
5083	0.980
5084	1.04
5085	1.06
5086	1.05
5087	0.960
5088	0.880
5089	0.830
5090	0.880
5091	0.870
5092	0.830
5093	0.880
5094	0.910
5095	0.940
5096	1
5097	0.970
5098	0.950
5099	0.920
5100	0.810
5101	0.820
5102	0.980
5103	0.970
5104	0.970
5105	0.780
5106	0.860
5107	1.03
5108	1.16
5109	0.960
5110	1.07
5111	1.10
5112	1.07
5113	1.12
5114	1.04
5115	0.970
5116	0.830
5117	0.920
5118	0.840
5119	0.950
5120	0.980
5121	1.11
5122	1.26
5123	1.63
5124	1.93
5125	2.08
5126	2.05
5127	1.61
5128	1.85
5129	1.62
5130	1.66
5131	1.64
5132	1.64
5133	1.29
5134	1.06
5135	0.890
5136	0.950
5137	1.10
5138	1.24
5139	1.10
5140	1.12
5141	1.21
5142	1.22
5143	1.14
5144	1.19
5145	1.06
5146	1.07
5147	1.03
5148	1.10
5149	1.09
5150	0.990
5151	1.06
5152	0.980
5153	0.890
5154	0.830
5155	0.850
5156	1.13
5157	0.890
5158	0.820
5159	0.950
5160	0.840
5161	0.850
5162	0.900
5163	0.960
5164	0.820
5165	0.900
5166	0.950
5167	1.01
5168	1.03
5169	0.970
5170	1.01
5171	1.07
5172	1.14
5173	1.12
5174	1.31
5175	1.56
5176	1.63
5177	1.93
5178	1.86
5179	2.05
5180	2.01
5181	1.77
5182	1.67
5183	1.73
5184	1.77
5185	1.48
5186	1.46
5187	1.34
5188	1.44
5189	1.14
5190	1.13
5191	1.04
5192	0.980
5193	0.920
5194	0.910
5195	0.820
5196	0.890
5197	0.760
5198	0.780
5199	0.800
5200	0.850
5201	0.880
5202	1.06
5203	1.30
5204	1.30
5205	1.48
5206	1.70
5207	1.68
5208	1.71
5209	1.61
5210	1.45
5211	1.36
5212	1.11
5213	1.21
5214	1.39
5215	1.31
5216	1.51
5217	1.48
5218	1.51
5219	1.88
5220	1.71
5221	1.70
5222	1.70
5223	1.83
5224	2.10
5225	1.84
5226	1.85
5227	1.79
5228	1.93
5229	1.56
5230	1.52
5231	1.41
5232	1.35
5233	1.25
5234	1.03
5235	1
5236	1.11
5237	1.14
5238	1.12
5239	1.11
5240	1.09
5241	0.950
5242	0.990
5243	1
5244	0.900
5245	0.920
5246	1.19
5247	1.32
5248	1.34
5249	1.86
5250	2.44
5251	2.53
5252	2.01
5253	2.21
5254	2.33
5255	2.79
5256	2.72
5257	1.72
5258	1.54
5259	1.33
5260	1.29
5261	1.10
5262	1.01
5263	1.05
5264	0.930
5265	0.910
5266	0.900
5267	0.870
5268	0.910
5269	0.800
5270	0.790
5271	0.860
5272	0.810
5273	0.830
5274	0.750
5275	0.740
5276	0.800
5277	0.790
5278	0.740
5279	0.830
5280	0.840
5281	1.16
5282	1.70
5283	1.74
5284	2.19
5285	2.34
5286	2.33
5287	2.01
5288	1.83
5289	1.50
5290	1.51
5291	1.33
5292	1.08
5293	0.960
5294	1.08
5295	0.930
5296	0.890
5297	1.13
5298	1.27
5299	1.27
5300	1.25
5301	1.21
5302	1.39
5303	1.34
5304	1.13
5305	1.02
5306	1
5307	0.970
5308	1.42
5309	1.93
5310	1.85
5311	1.72
5312	1.60
5313	1.63
5314	1.69
5315	1.34
5316	1.21
5317	1.21
5318	1
5319	1.06
5320	1.08
5321	1.08
5322	1.24
5323	1.61
5324	1.22
5325	1.12
5326	1.10
5327	1.19
5328	1.09
5329	1.12
5330	1.25
5331	1.50
5332	1.95
5333	2.31
5334	2.37
5335	3.22
5336	3.90
5337	4.36
5338	5.99
5339	5.31
5340	6.11
5341	7.09
5342	4.71
5343	3.47
5344	2.66
5345	2.27
5346	1.99
5347	1.97
5348	1.48
5349	1.36
5350	1.15
5351	1.25
5352	1.33
5353	1.23
5354	1.15
5355	1.39
5356	1.22
5357	1.08
5358	1.28
5359	1.48
5360	1.12
5361	1.13
5362	1.25
5363	1
5364	0.800
5365	0.680
5366	0.650
5367	0.730
5368	0.650
5369	0.630
5370	0.630
5371	0.620
5372	0.590
5373	0.590
5374	0.600
5375	0.540
5376	0.540
5377	0.540
5378	0.590
5379	0.580
5380	0.590
5381	0.610
5382	0.640
5383	0.550
5384	0.610
5385	0.580
5386	0.480
5387	0.570
5388	0.520
5389	0.530
5390	0.490
5391	0.580
5392	0.770
5393	0.740
5394	0.730
5395	0.790
5396	0.910
5397	0.870
5398	0.800
5399	0.890
5400	0.780
5401	0.790
5402	0.690
5403	0.660
5404	0.620
5405	0.660
5406	0.570
5407	0.570
5408	0.560
5409	0.540
5410	0.580
5411	0.640
5412	0.620
5413	0.720
5414	0.630
5415	0.610
5416	0.670
5417	1.09
5418	1
5419	1.56
5420	2.41
5421	2.51
5422	1.92
5423	2.20
5424	1.68
5425	1.28
5426	1.84
5427	2.56
5428	1.74
5429	1.58
5430	1.31
5431	1.11
5432	0.890
5433	1.13
5434	1.25
5435	1.62
5436	1.87
5437	2.01
5438	2.35
5439	2.35
5440	2.01
5441	2.31
5442	2.27
5443	1.97
5444	1.72
5445	1.40
5446	1.43
5447	1.13
5448	0.950
5449	1.01
5450	1.07
5451	1.23
5452	1.18
5453	1.31
5454	1.47
5455	1.62
5456	1.48
5457	1.71
5458	1.31
5459	1.40
5460	1.25
5461	1.14
5462	1.08
5463	1.03
5464	1.21
5465	1.56
5466	1.39
5467	1.37
5468	1.35
5469	1.31
5470	1.28
5471	1.17
5472	1.12
5473	1.08
5474	0.940
5475	0.850
5476	0.790
5477	0.800
5478	0.940
5479	0.830
5480	1.38
5481	1.02
5482	1.11
5483	1.24
5484	1.34
5485	1.35
5486	1.56
5487	2.08
5488	2.41
5489	2.33
5490	2.38
5491	2.35
5492	1.97
5493	1.97
5494	1.80
5495	1.73
5496	1.64
5497	1.49
5498	1.99
5499	2.15
5500	1.74
5501	1.98
5502	1.54
5503	1.30
5504	1.06
5505	0.970
5506	0.840
5507	0.820
5508	0.720
5509	0.660
5510	0.610
5511	0.590
5512	0.580
5513	0.650
5514	0.920
5515	1.07
5516	1
5517	1.29
5518	1.36
5519	1.61
5520	1.80
5521	2.17
5522	2.28
5523	2.06
5524	2.02
5525	1.80
5526	2.26
5527	2.45
5528	2.20
5529	2.04
5530	1.91
5531	1.73
5532	2.07
5533	1.81
5534	1.84
5535	1.76
5536	1.83
5537	2.05
5538	2.27
5539	2.59
5540	2.89
5541	2.72
5542	2.97
5543	3.87
5544	3.90
5545	3.76
5546	2.74
5547	2.01
5548	1.80
5549	1.65
5550	1.59
5551	1.70
5552	1.85
5553	2.35
5554	2.11
5555	2.49
5556	2.33
5557	1.88
5558	1.41
5559	1.17
5560	1.20
5561	1.18
5562	1.45
5563	1.27
5564	1.89
5565	2.01
5566	1.88
5567	2.29
5568	3.01
5569	3.06
5570	2.98
5571	2.93
5572	2.95
5573	2.03
5574	2.01
5575	1.80
5576	1.53
5577	1.23
5578	1.32
5579	1.39
5580	1.54
5581	1.68
5582	1.94
5583	1.81
5584	1.60
5585	1.62
5586	1.51
5587	1.19
5588	1.09
5589	1.02
5590	0.790
5591	0.750
5592	0.760
5593	0.880
5594	0.790
5595	0.900
5596	1.16
5597	1.20
5598	1.32
5599	1.48
5600	1.56
5601	1.55
5602	1.51
5603	1.93
5604	3.04
5605	2.76
5606	5.60
5607	7.06
5608	5.38
5609	6.10
5610	4.87
5611	3.83
5612	3.81
5613	3.33
5614	3.05
5615	2.44
5616	2.23
5617	1.42
5618	1.57
5619	1.21
5620	1.20
5621	1.36
5622	1.40
5623	1.75
5624	1.57
5625	1.66
5626	1.38
5627	1.29
5628	2.39
5629	2.35
5630	2.24
5631	2.08
5632	1.79
5633	2.16
5634	1.94
5635	1.75
5636	1.46
5637	1.66
5638	1.61
5639	1.57
5640	1.44
5641	1.32
5642	1.53
5643	1.31
5644	1.42
5645	1.60
5646	1.85
5647	1.71
5648	1.71
5649	1.53
5650	1.56
5651	1.23
5652	1.26
5653	1.24
5654	1.36
5655	1.31
5656	1.23
5657	1.32
5658	1.20
5659	2.51
5660	2.66
5661	2.36
5662	2.04
5663	1.65
5664	1.74
5665	1.63
5666	1.75
5667	1.79
5668	1.74
5669	1.93
5670	1.85
5671	1.83
5672	2.40
5673	1.89
5674	2.03
5675	2.49
5676	2.35
5677	1.86
5678	1.93
5679	1.74
5680	1.51
5681	1.20
5682	1.06
5683	1.62
5684	2.23
5685	2.59
5686	2.62
5687	2.48
5688	2.44
5689	2.25
5690	1.74
5691	1.70
5692	1.46
5693	1.44
5694	1.72
5695	1.95
5696	2.19
5697	2.01
5698	1.98
5699	1.82
5700	1.77
5701	1.75
5702	1.61
5703	1.57
5704	1.78
5705	1.97
5706	2.46
5707	1.95
5708	2.32
5709	2.20
5710	2.29
5711	3.59
5712	3.16
5713	3.63
5714	3.80
5715	3.11
5716	2.46
5717	2.09
5718	1.71
5719	1.63
5720	1.25
5721	1.16
5722	1.11
5723	1
5724	0.940
5725	1.01
5726	1.08
5727	1.25
5728	1.33
5729	1.74
5730	1.92
5731	1.97
5732	1.86
5733	2.25
5734	1.88
5735	1.80
5736	1.69
5737	1.67
5738	1.57
5739	1.48
5740	1.80
5741	1.92
5742	2.22
5743	2.08
5744	2.06
5745	2.07
5746	2.23
5747	1.86
5748	1.73
5749	1.80
5750	1.77
5751	6.59
5752	4.72
5753	4.37
5754	4.23
5755	4.55
5756	4.38
5757	3.50
5758	3.62
5759	3.75
5760	3.45
5761	3.84
5762	3.45
5763	3.16
5764	2.93
5765	2.82
5766	2.53
5767	2.82
5768	2.39
5769	2.54
5770	2
5771	2.77
5772	2.81
5773	2.62
5774	2.41
5775	3
5776	2.48
5777	2.08
5778	2.26
5779	2.14
5780	2.04
5781	2.02
5782	1.73
5783	1.64
5784	1.33
5785	1.22
5786	0.990
5787	1.45
5788	2.36
5789	2.28
5790	2.08
5791	1.83
5792	1.76
5793	1.54
5794	1.47
5795	1.89
5796	2.09
5797	1.69
5798	1.39
5799	1.37
5800	1.50
5801	1.37
5802	1.27
5803	1.13
5804	1.11
5805	1.19
5806	1.23
5807	1.11
5808	0.990
5809	0.990
5810	1.23
5811	1.58
5812	1.44
5813	1.32
5814	1.06
5815	1.01
5816	1
5817	1.01
5818	0.960
5819	1.22
5820	1.38
5821	1.85
5822	1.94
5823	1.83
5824	1.97
5825	1.89
5826	2.05
5827	2.10
5828	2.07
5829	1.98
5830	1.43
5831	1.28
5832	1.29
5833	1.22
5834	1.22
5835	1.13
5836	1.43
5837	1.61
5838	1.43
5839	1.56
5840	1.81
5841	1.94
5842	1.92
5843	2.33
5844	2.47
5845	1.97
5846	1.62
5847	1.32
5848	1.32
5849	1.14
5850	1.26
5851	1.24
5852	1.23
5853	1.18
5854	1.20
5855	1.07
5856	1.08
5857	0.900
5858	0.980
5859	1.10
5860	1.31
5861	1.30
5862	1.58
5863	1.74
5864	2.07
5865	1.93
5866	1.88
5867	1.87
5868	2.25
5869	2.15
5870	1.96
5871	2.36
5872	2.90
5873	2.74
5874	2.48
5875	3.53
5876	5.45
5877	4.78
5878	3.42
5879	2.83
5880	1.99
5881	1.52
5882	1.20
5883	1.12
5884	1.06
5885	1.55
5886	1.57
5887	1.57
5888	2.03
5889	2.06
5890	2.05
5891	2.24
5892	1.98
5893	1.86
5894	1.85
5895	1.62
5896	1.77
5897	1.87
5898	1.57
5899	1.70
5900	2.46
5901	2.54
5902	2.52
5903	2.23
5904	2.55
5905	2.22
5906	2.26
5907	2.05
5908	1.87
5909	2.07
5910	2.26
5911	2.69
5912	2.69
5913	2.54
5914	2.36
5915	2.06
5916	1.97
5917	1.98
5918	2.62
5919	2.47
5920	2.74
5921	2.85
5922	2.66
5923	2.32
5924	2.07
5925	1.76
5926	1.43
5927	1.36
5928	1.73
5929	1.64
5930	1.46
5931	1.35
5932	1.33
5933	1.38
5934	1.47
5935	1.61
5936	1.49
5937	1.80
5938	1.79
5939	1.74
5940	2.95
5941	4.13
5942	3.66
5943	4.11
5944	3.78
5945	3.17
5946	2.50
5947	2.12
5948	2
5949	2.75
5950	3.90
5951	5.46
5952	5.44
5953	4.25
5954	4.60
5955	3.87
5956	3.68
5957	3.56
5958	3.43
5959	3.14
5960	3.04
5961	2.40
5962	1.98
5963	1.74
5964	1.47
5965	2.66
5966	3.52
5967	5.02
5968	5.15
5969	5.60
5970	5.24
5971	4.37
5972	3.69
5973	2.91
5974	2.65
5975	2.80
5976	2.42
5977	3.33
5978	5.25
5979	4.31
5980	4.45
5981	3.71
5982	2.75
5983	2.46
5984	2.25
5985	1.91
5986	1.59
5987	1.64
5988	2.22
5989	3.03
5990	2.49
5991	3.94
5992	4.03
5993	3.54
5994	3.59
5995	2.78
5996	2.63
5997	2.16
5998	2.07
5999	1.97
6000	1.43
6001	1.04
6002	1.70
6003	1.84
6004	1.51
6005	1.66
6006	1.77
6007	2.18
6008	2.36
6009	2.63
6010	3.20
6011	2.75
6012	4.16
6013	6.91
6014	6.55
6015	5.85
6016	5.32
6017	3.92
6018	3.84
6019	3.84
6020	4.10
6021	4.18
6022	3.41
6023	2.83
6024	2.37
6025	1.81
6026	2.81
6027	4.72
6028	6.60
6029	8.36
6030	6.80
6031	6.70
6032	5.35
6033	5.07
6034	4.37
6035	3.33
6036	2.85
6037	3.36
6038	4
6039	4.10
6040	3.32
6041	2.80
6042	2.79
6043	2.63
6044	3.42
6045	4.61
6046	4.70
6047	3.63
6048	4.22
6049	3.69
6050	3.22
6051	2.82
6052	2.39
6053	2.06
6054	1.75
6055	1.50
6056	1.33
6057	1.42
6058	1.34
6059	1.54
6060	1.64
6061	2.09
6062	2.14
6063	3.15
6064	3.78
6065	3.08
6066	2.34
6067	3.36
6068	3.56
6069	3.25
6070	2.58
6071	2.20
6072	3.04
6073	2.97
6074	3.05
6075	2.92
6076	2.37
6077	2.84
6078	2.16
6079	2.01
6080	2.63
6081	3.51
6082	3.88
6083	3.49
6084	2.73
6085	2.36
6086	1.85
6087	1.61
6088	1.51
6089	1.41
6090	1.40
6091	2.14
6092	2.20
6093	2.28
6094	1.89
6095	1.68
6096	1.50
6097	1.31
6098	1.28
6099	1.34
6100	1.25
6101	1.31
6102	1.52
6103	1.82
6104	1.69
6105	2.19
6106	2.29
6107	2.80
6108	2.17
6109	2
6110	1.78
6111	1.51
6112	1.32
6113	1.12
6114	1.12
6115	1.05
6116	1.34
6117	1.14
6118	0.900
6119	0.960
6120	0.900
6121	1.02
6122	0.960
6123	0.990
6124	0.870
6125	0.920
6126	0.970
6127	1.10
6128	1.19
6129	1.66
6130	2.21
6131	2.28
6132	2.94
6133	2.82
6134	2.81
6135	2.27
6136	1.89
6137	1.75
6138	1.91
6139	1.89
6140	2.20
6141	2.58
6142	3.17
6143	3.47
6144	4.18
6145	3.09
6146	3.05
6147	2.53
6148	2.47
6149	2.40
6150	2.93
6151	2.87
6152	2.42
6153	3.34
6154	2.80
6155	2.51
6156	2.78
6157	2.67
6158	2.58
6159	2.21
6160	1.78
6161	1.90
6162	1.98
6163	2.20
6164	1.89
6165	2.48
6166	2.41
6167	1.65
6168	1.56
6169	1.27
6170	1.42
6171	1.08
6172	1.09
6173	1.69
6174	3
6175	2.69
6176	2.91
6177	2.26
6178	1.69
6179	1.52
6180	1.56
6181	1.34
6182	1.30
6183	1.25
6184	1.42
6185	1.61
6186	2
6187	2.48
6188	2.85
6189	2.63
6190	2.88
6191	3.39
6192	3.53
6193	3.28
6194	3.46
6195	2.76
6196	2.78
6197	3.55
6198	3.24
6199	3.27
6200	2.68
6201	2.04
6202	2.19
6203	2.33
6204	2.50
6205	2.04
6206	1.67
6207	1.86
6208	1.95
6209	2.08
6210	2.20
6211	2.34
6212	1.97
6213	1.58
6214	1.39
6215	1.30
6216	1.18
6217	1.01
6218	1.12
6219	1.22
6220	1.25
6221	1.24
6222	1.36
6223	2.85
6224	3.07
6225	2.60
6226	2.19
6227	1.71
6228	2.07
6229	2.04
6230	1.73
6231	1.40
6232	1.36
6233	1.48
6234	1.30
6235	1.27
6236	1.12
6237	1.14
6238	1.20
6239	1.14
6240	1.18
6241	1.09
6242	1.04
6243	1.07
6244	1.01
6245	1.10
6246	1.30
6247	1.20
6248	1.33
6249	1.22
6250	1.21
6251	1.31
6252	1.66
6253	1.66
6254	1.60
6255	1.37
6256	1.17
6257	1.10
6258	1.13
6259	1.02
6260	1.06
6261	1.11
6262	1.10
6263	1.08
6264	1.05
6265	1.03
6266	1.15
6267	2.04
6268	2.94
6269	2.65
6270	2.70
6271	2.39
6272	2.14
6273	1.96
6274	1.95
6275	1.74
6276	2
6277	2.01
6278	1.68
6279	1.51
6280	1.20
6281	1.04
6282	1.09
6283	1.15
6284	1.12
6285	1.15
6286	1.26
6287	1.36
6288	1.39
6289	1.46
6290	1.42
6291	1.35
6292	1.57
6293	1.62
6294	1.74
6295	1.70
6296	1.92
6297	1.97
6298	1.91
6299	1.70
6300	1.60
6301	1.88
6302	2.80
6303	2.57
6304	2.27
6305	1.72
6306	2.07
6307	2.62
6308	3
6309	2.49
6310	2.41
6311	2.05
6312	2.17
6313	2.13
6314	2.16
6315	1.61
6316	2.64
6317	3.24
6318	2.49
6319	2.84
6320	2.84
6321	2.06
6322	1.58
6323	1.68
6324	1.65
6325	1.83
6326	2.44
6327	2.15
6328	1.96
6329	2.05
6330	1.90
6331	2.49
6332	3.71
6333	3.77
6334	3
6335	2.94
6336	3.12
6337	2.87
6338	2.26
6339	1.98
6340	1.57
6341	1.45
6342	1.19
6343	1.17
6344	1.21
6345	1.07
6346	1.16
6347	1.26
6348	1.20
6349	1.24
6350	1.34
6351	1.47
6352	1.36
6353	1.29
6354	1.26
6355	1.15
6356	1.19
6357	1.34
6358	1.25
6359	1.82
6360	1.70
6361	1.28
6362	1.21
6363	1.02
6364	0.940
6365	1.06
6366	1.23
6367	1.21
6368	1.08
6369	1.11
6370	1.16
6371	1.19
6372	1.11
6373	1.13
6374	1.12
6375	1.01
6376	0.980
6377	1.10
6378	1.18
6379	1.23
6380	1.40
6381	1.47
6382	1.55
6383	1.53
6384	1.52
6385	1.42
6386	1.55
6387	1.64
6388	1.60
6389	2.26
6390	1.83
6391	1.67
6392	1.33
6393	1.26
6394	1.34
6395	1.26
6396	1.43
6397	1.52
6398	1.55
6399	1.25
6400	1.12
6401	1.16
6402	1.18
6403	1.08
6404	1.01
6405	0.970
6406	0.880
6407	0.980
6408	1.14
6409	0.940
6410	1.14
6411	1.29
6412	1.41
6413	1.22
6414	1.16
6415	2.12
6416	1.69
6417	1.40
6418	1.48
6419	1.21
6420	1.23
6421	1.21
6422	1.43
6423	1.44
6424	1.36
6425	1.25
6426	1.24
6427	1.23
6428	1.26
6429	1.48
6430	1.65
6431	1.80
6432	1.98
6433	2.36
6434	2.50
6435	2.44
6436	2.07
6437	2.45
6438	2.40
6439	2.48
6440	2.44
6441	2.51
6442	2.26
6443	2.21
6444	2.05
6445	2.08
6446	2.13
6447	1.88
6448	1.92
6449	1.67
6450	1.48
6451	1.33
6452	1.08
6453	1.36
6454	1.06
6455	1.11
6456	1.10
6457	1.03
6458	0.950
6459	1.05
6460	0.890
6461	0.950
6462	1
6463	1.08
6464	1.11
6465	1.10
6466	1.39
6467	1.37
6468	1.48
6469	1.72
6470	1.43
6471	1.21
6472	1.38
6473	1.18
6474	1.01
6475	0.900
6476	1.03
6477	1.17
6478	1.75
6479	2.12
6480	1.89
6481	1.74
6482	1.70
6483	1.54
6484	1.32
6485	1.28
6486	1.14
6487	1.04
6488	0.950
6489	1
6490	0.980
6491	0.860
6492	0.950
6493	0.980
6494	0.810
6495	0.830
6496	0.880
6497	0.850
6498	0.880
6499	0.860
6500	0.930
6501	1.05
6502	1.05
6503	1.28
6504	1.18
6505	1.06
6506	0.960
6507	0.950
6508	0.960
6509	0.910
6510	0.860
6511	0.830
6512	0.890
6513	0.890
6514	0.840
6515	0.920
6516	0.980
6517	1.08
6518	0.920
6519	0.920
6520	0.830
6521	0.870
6522	1.10
6523	1.03
6524	0.840
6525	0.910
6526	0.930
6527	1.01
6528	1.01
6529	1.10
6530	0.850
6531	0.890
6532	0.960
6533	1.05
6534	1.10
6535	1.20
6536	1.27
6537	1.22
6538	1.07
6539	1.08
6540	0.990
6541	1.01
6542	1
6543	1.15
6544	1.24
6545	1.27
6546	1.44
6547	1.48
6548	1.52
6549	1.53
6550	1.41
6551	1.35
6552	1.33
6553	1.55
6554	1.70
6555	1.73
6556	1.68
6557	1.58
6558	1.70
6559	1.87
6560	1.89
6561	1.85
6562	2.14
6563	1.84
6564	1.49
6565	1.38
6566	1.51
6567	2
6568	1.96
6569	1.81
6570	1.93
6571	1.58
6572	1.43
6573	1.30
6574	1.45
6575	1.44
6576	1.53
6577	1.38
6578	1.39
6579	1.51
6580	1.37
6581	1.29
6582	1.33
6583	1.41
6584	1.26
6585	1.15
6586	1.35
6587	1.43
6588	1.35
6589	1.18
6590	1.09
6591	1.05
6592	1.07
6593	1.04
6594	0.970
6595	0.910
6596	0.960
6597	0.930
6598	0.930
6599	0.840
6600	0.850
6601	0.790
6602	0.850
6603	0.890
6604	1
6605	0.950
6606	0.930
6607	0.950
6608	1.06
6609	1.10
6610	1.08
6611	1.13
6612	1.26
6613	1.16
6614	1.02
6615	1.01
6616	0.870
6617	0.880
6618	1.17
6619	1.32
6620	1.21
6621	1.24
6622	1.31
6623	1.42
6624	1.65
6625	1.76
6626	2.04
6627	2.30
6628	2.20
6629	2.19
6630	2.30
6631	2.39
6632	2.07
6633	1.90
6634	1.81
6635	1.57
6636	1.41
6637	1.40
6638	1.24
6639	1.29
6640	1.37
6641	1.24
6642	1.26
6643	1.26
6644	1.25
6645	1.59
6646	1.62
6647	1.76
6648	2.06
6649	1.87
6650	1.99
6651	1.71
6652	1.59
6653	1.76
6654	2.01
6655	2.22
6656	2.10
6657	1.61
6658	1.88
6659	1.83
6660	1.64
6661	1.54
6662	1.49
6663	1.78
6664	1.58
6665	1.70
6666	1.70
6667	1.61
6668	1.37
6669	1.22
6670	1.22
6671	1.23
6672	1.03
6673	1.09
6674	1.13
6675	1.57
6676	1.82
6677	2.32
6678	1.70
6679	1.34
6680	1.23
6681	1.34
6682	1.49
6683	1.30
6684	1.39
6685	1.34
6686	1.20
6687	1.07
6688	1.19
6689	1.35
6690	1.51
6691	1.67
6692	2.17
6693	1.85
6694	1.85
6695	1.62
6696	1.52
6697	1.40
6698	1.37
6699	1.36
6700	1.21
6701	1.36
6702	1.38
6703	1.36
6704	1.16
6705	1.11
6706	1.13
6707	1.10
6708	1.11
6709	1.16
6710	1.18
6711	1.11
6712	1.38
6713	1.56
6714	1.40
6715	1.33
6716	1.12
6717	1.05
6718	0.940
6719	0.930
6720	0.930
6721	1.15
6722	1.28
6723	1.49
6724	1.81
6725	2.18
6726	2.63
6727	2.52
6728	2.57
6729	1.77
6730	1.67
6731	1.75
6732	1.93
6733	1.43
6734	1.29
6735	1.33
6736	1.29
6737	1.21
6738	1.17
6739	1.19
6740	1.39
6741	1.42
6742	1.56
6743	1.54
6744	1.29
6745	1.09
6746	0.850
6747	0.770
6748	0.760
6749	0.760
6750	0.880
6751	0.880
6752	0.930
6753	0.970
6754	0.870
6755	1.09
6756	0.890
6757	1.07
6758	1.09
6759	1.06
6760	1
6761	0.950
6762	0.920
6763	0.830
6764	0.960
6765	0.880
6766	0.730
6767	0.720
6768	0.700
6769	0.700
6770	0.690
6771	0.630
6772	0.640
6773	0.610
6774	0.660
6775	0.690
6776	0.690
6777	0.640
6778	0.640
6779	0.640
6780	0.720
6781	0.730
6782	0.780
6783	0.840
6784	1
6785	0.990
6786	0.950
6787	1
6788	1.07
6789	1.04
6790	0.930
6791	0.940
6792	1.06
6793	1.26
6794	1.41
6795	1.32
6796	1.39
6797	1.29
6798	1.24
6799	1.15
6800	1.17
6801	1.23
6802	1.23
6803	1.48
6804	1.61
6805	1.62
6806	1.59
6807	1.72
6808	1.49
6809	1.29
6810	1.58
6811	1.47
6812	1.16
6813	1.23
6814	1.06
6815	0.990
6816	0.920
6817	0.810
6818	0.780
6819	0.740
6820	0.780
6821	0.800
6822	0.830
6823	0.900
6824	1.07
6825	1.08
6826	0.990
6827	0.930
6828	0.850
6829	0.710
6830	0.670
6831	0.570
6832	0.530
6833	0.570
6834	0.550
6835	0.550
6836	0.570
6837	0.770
6838	0.900
6839	0.830
6840	0.970
6841	1.11
6842	1.11
6843	1.18
6844	1.16
6845	1.13
6846	1.07
6847	1.04
6848	0.900
6849	0.910
6850	0.860
6851	0.800
6852	0.730
6853	0.750
6854	0.950
6855	0.860
6856	0.940
6857	0.880
6858	0.880
6859	1
6860	1.19
6861	1.16
6862	1.40
6863	1.66
6864	1.35
6865	1.30
6866	1.28
6867	1.33
6868	1.67
6869	1.91
6870	1.98
6871	1.89
6872	1.53
6873	1.20
6874	1.14
6875	1.09
6876	1.15
6877	1.05
6878	0.960
6879	0.820
6880	0.870
6881	0.870
6882	0.850
6883	1.05
6884	1.10
6885	0.970
6886	0.860
6887	0.900
6888	0.930
6889	0.960
6890	1.05
6891	1.39
6892	1.46
6893	1.74
6894	1.59
6895	1.66
6896	1.53
6897	1.43
6898	1.43
6899	1.28
6900	1.29
6901	1.24
6902	1.21
6903	1.68
6904	1.81
6905	1.82
6906	1.92
6907	2.07
6908	1.96
6909	2.03
6910	2.12
6911	1.89
6912	1.82
6913	1.73
6914	1.75
6915	1.48
6916	1.47
6917	1.43
6918	1.42
6919	1.62
6920	1.66
6921	1.69
6922	2.13
6923	3.12
6924	3.12
6925	3.18
6926	3.89
6927	3.67
6928	3.78
6929	3.48
6930	3.23
6931	3.28
6932	2.77
6933	2.84
6934	3.21
6935	3.18
6936	2.92
6937	2.74
6938	3.01
6939	3.08
6940	3.12
6941	3.01
6942	3
6943	3.29
6944	3.27
6945	3.32
6946	3.23
6947	3.38
6948	4.36
6949	3.88
6950	5.18
6951	4.70
6952	5.51
6953	5.10
6954	4.72
6955	4.43
6956	4.07
6957	3.27
6958	3.71
6959	3.14
6960	2.49
6961	2.49
6962	2.45
6963	2.11
6964	1.85
6965	1.77
6966	1.87
6967	2.14
6968	2.14
6969	1.81
6970	1.83
6971	1.57
6972	1.46
6973	1.14
6974	1.26
6975	1.08
6976	0.960
6977	0.960
6978	1.04
6979	1.42
6980	1.96
6981	2.06
6982	1.87
6983	1.68
6984	1.47
6985	1.17
6986	1.84
6987	1.90
6988	2.20
6989	1.75
6990	1.80
6991	1.97
6992	2.15
6993	1.90
6994	2.22
6995	2.29
6996	1.80
6997	1.24
6998	1.12
6999	1.10
7000	1.12
7001	1.10
7002	1.02
7003	0.840
7004	0.770
7005	0.680
7006	0.780
7007	0.970
7008	1.63
7009	1.56
7010	2.57
7011	3.07
7012	3.86
7013	3.21
7014	2.91
7015	2.40
7016	1.96
7017	1.78
7018	1.83
7019	1.76
7020	1.96
7021	2.25
7022	2.52
7023	2.48
7024	2.37
7025	2.44
7026	2.47
7027	2.15
7028	2.12
7029	2.40
7030	2.18
7031	2.23
7032	2.79
7033	1.94
7034	1.87
7035	2.08
7036	1.98
7037	1.86
7038	1.86
7039	1.88
7040	1.79
7041	1.69
7042	1.54
7043	1.80
7044	1.91
7045	2.06
7046	2.22
7047	2.23
7048	2
7049	2.43
7050	2.32
7051	2.47
7052	1.95
7053	2.03
7054	1.77
7055	1.80
7056	1.57
7057	1.37
7058	1.25
7059	1.13
7060	0.990
7061	1.23
7062	1.26
7063	1.14
7064	1.07
7065	0.960
7066	0.790
7067	0.890
7068	0.770
7069	0.700
7070	0.700
7071	0.770
7072	0.910
7073	0.940
7074	0.900
7075	1.18
7076	1.78
7077	1.85
7078	1.99
7079	2.04
7080	1.87
7081	1.73
7082	1.69
7083	1.49
7084	1.74
7085	1.53
7086	1.48
7087	1.40
7088	1.36
7089	1.24
7090	1.43
7091	1.34
7092	1.22
7093	1.96
7094	2.41
7095	2.69
7096	2.43
7097	2
7098	1.92
7099	1.88
7100	1.98
7101	2.32
7102	3.15
7103	2.44
7104	1.98
7105	2.05
7106	2.50
7107	2.21
7108	2.37
7109	2.19
7110	1.96
7111	2.11
7112	2.14
7113	2.69
7114	2.44
7115	2.09
7116	1.96
7117	1.99
7118	2.58
7119	2.41
7120	1.99
7121	1.69
7122	1.49
7123	1.53
7124	1.09
7125	1.13
7126	0.970
7127	0.990
7128	0.900
7129	0.950
7130	2.02
7131	2.19
7132	2.12
7133	2.06
7134	1.71
7135	1.49
7136	1.38
7137	1.25
7138	1.40
7139	1.45
7140	1.36
7141	1.56
7142	1.49
7143	1.70
7144	2.08
7145	2.56
7146	2.36
7147	2.18
7148	2.44
7149	3.09
7150	3.91
7151	3.49
7152	2.97
7153	3.52
7154	2.89
7155	3.14
7156	2.48
7157	2.81
7158	2.49
7159	2.44
7160	3.07
7161	3.37
7162	3.98
7163	3.99
7164	4.25
7165	4.08
7166	4.29
7167	4.65
7168	4.80
7169	4.27
7170	3.50
7171	2.88
7172	2.82
7173	2.56
7174	1.95
7175	1.84
7176	2.05
7177	1.95
7178	1.81
7179	1.44
7180	1.35
7181	1.15
7182	1.18
7183	1.64
7184	1.76
7185	1.51
7186	1.52
7187	1.33
7188	1.24
7189	1.28
7190	1.59
7191	1.63
7192	2.08
7193	1.69
7194	1.50
7195	1.96
7196	2.10
7197	2.20
7198	2.35
7199	2.56
7200	2.59
7201	2.57
7202	2.96
7203	2.80
7204	2.63
7205	2.72
7206	2.37
7207	2.12
7208	2.24
7209	1.90
7210	1.77
7211	1.54
7212	1.70
7213	1.96
7214	2.08
7215	1.99
7216	2.20
7217	1.93
7218	1.92
7219	1.92
7220	1.70
7221	1.86
7222	1.69
7223	1.69
7224	1.54
7225	1.45
7226	1.62
7227	1.58
7228	1.37
7229	1.47
7230	1.47
7231	1.50
7232	1.36
7233	1.33
7234	1.33
7235	1.15
7236	1.07
7237	1.08
7238	1.36
7239	1.53
7240	1.65
7241	1.57
7242	1.74
7243	1.80
7244	1.56
7245	1.64
7246	1.41
7247	1.36
7248	1.27
7249	1.39
7250	1.45
7251	1.48
7252	1.77
7253	2.30
7254	2.52
7255	2.97
7256	2.94
7257	3.40
7258	3.37
7259	2.67
7260	2.05
7261	1.78
7262	1.59
7263	1.46
7264	1.49
7265	1.61
7266	1.54
7267	1.84
7268	1.88
7269	1.85
7270	2.07
7271	2.11
7272	1.92
7273	1.62
7274	1.75
7275	1.99
7276	1.95
7277	1.72
7278	1.85
7279	1.69
7280	1.71
7281	1.64
7282	1.59
7283	1.57
7284	1.50
7285	1.34
7286	1.25
7287	1.32
7288	1.16
7289	1.31
7290	1.31
7291	1.25
7292	1.12
7293	1.11
7294	1.11
7295	1.18
7296	1.47
7297	1.61
7298	1.51
7299	1.31
7300	1.18
7301	1.12
7302	1.11
7303	1.29
