1	2.06
2	1.81
3	1.91
4	1.65
5	1.61
6	1.67
7	1.54
8	1.43
9	1.40
10	1.32
11	1.13
12	1.40
13	1.31
14	1.49
15	1.49
16	1.88
17	1.73
18	2.24
19	2.36
20	2.15
21	2.15
22	1.63
23	1.63
24	1.63
25	1.82
26	1.60
27	2.16
28	2.84
29	3.26
30	3.62
31	2.87
32	2.54
33	3.05
34	3.02
35	2.84
36	2.81
37	3.51
38	3.80
39	3.57
40	3.26
41	3.25
42	3.54
43	2.67
44	2.81
45	2.61
46	2.81
47	2.54
48	1.64
49	1.42
50	1.49
51	1.24
52	1.77
53	1.79
54	3.29
55	3.37
56	3.47
57	3.22
58	2.56
59	2.53
60	2.44
61	2.33
62	2.15
63	2.25
64	2.22
65	2.28
66	2.17
67	2.03
68	2.08
69	2
70	1.98
71	1.91
72	1.82
73	1.72
74	1.74
75	1.55
76	1.55
77	1.53
78	1.43
79	1.19
80	1.23
81	1.26
82	1.33
83	1.47
84	1.63
85	1.51
86	1.70
87	2.07
88	2.02
89	2.11
90	2.20
91	2.68
92	2.60
93	3.33
94	3.55
95	3.25
96	3.87
97	3.64
98	3.11
99	3.06
100	2.94
101	2.58
102	2.58
103	2.15
104	2.19
105	2.20
106	2
107	1.96
108	1.87
109	1.77
110	1.59
111	1.54
112	2.37
113	2.47
114	2.46
115	2.25
116	2.18
117	1.92
118	1.87
119	1.83
120	1.89
121	1.81
122	1.90
123	1.69
124	1.50
125	1.46
126	1.35
127	1.47
128	1.21
129	1.14
130	1.32
131	1.68
132	1.65
133	1.97
134	2.17
135	2.59
136	2.04
137	1.94
138	1.71
139	1.50
140	1.28
141	1.42
142	1.40
143	1.36
144	1.63
145	1.67
146	1.50
147	1.62
148	1.77
149	1.74
150	1.69
151	1.49
152	1.46
153	1.66
154	1.76
155	1.65
156	1.60
157	1.73
158	1.61
159	1.49
160	1.42
161	1.36
162	1.55
163	1.93
164	2.54
165	2.06
166	1.88
167	1.71
168	1.88
169	1.69
170	1.78
171	1.69
172	2.12
173	2.02
174	1.85
175	1.65
176	1.95
177	2.45
178	2.97
179	2.35
180	3.30
181	2.97
182	2.59
183	2.11
184	1.87
185	2
186	2.12
187	3.01
188	3.04
189	3.57
190	3.49
191	3.51
192	2.78
193	3.12
194	2.90
195	2.79
196	2.29
197	2.20
198	2.31
199	1.96
200	1.86
201	1.71
202	1.54
203	1.72
204	2.77
205	5.04
206	6.39
207	5.50
208	4.23
209	4.21
210	3.04
211	2.84
212	2.40
213	2.42
214	2.82
215	2.81
216	2.60
217	2.21
218	2.16
219	2.44
220	2.38
221	2.26
222	2.31
223	2.41
224	2.34
225	1.99
226	1.80
227	1.64
228	1.26
229	1.17
230	1.05
231	1.10
232	1.19
233	1.49
234	1.62
235	1.81
236	1.69
237	1.42
238	1.18
239	1.18
240	1.07
241	1.09
242	1.04
243	1.09
244	1.24
245	1.28
246	2.16
247	2.59
248	2.58
249	2.34
250	2.35
251	2.48
252	2.73
253	2.62
254	2.54
255	3.22
256	3.22
257	2.91
258	3.26
259	3.32
260	3.07
261	2.37
262	3.25
263	2.49
264	2.12
265	2.09
266	2.06
267	2.12
268	2.03
269	2.28
270	2.16
271	2.09
272	1.89
273	1.86
274	2.01
275	2.18
276	2.18
277	2.65
278	3.11
279	3.32
280	2.83
281	2.49
282	2.70
283	2.32
284	2.56
285	2.48
286	2.19
287	2.06
288	2.18
289	2.59
290	2.12
291	2.33
292	2.24
293	2.36
294	2
295	1.83
296	1.95
297	1.96
298	2.01
299	2.07
300	2.08
301	1.76
302	1.88
303	1.92
304	1.95
305	1.89
306	1.66
307	1.74
308	1.75
309	1.63
310	1.45
311	1.70
312	1.94
313	1.90
314	1.85
315	1.80
316	1.58
317	1.87
318	2.91
319	3.70
320	3.90
321	3.49
322	3.18
323	2.90
324	2.56
325	2.22
326	1.82
327	1.63
328	2.09
329	2.34
330	2.22
331	1.88
332	2.66
333	2.65
334	2.43
335	2.53
336	2.57
337	2.29
338	2.02
339	1.90
340	2.36
341	2.09
342	1.61
343	1.46
344	1.32
345	1.23
346	1.14
347	1.16
348	1.26
349	1.21
350	1.20
351	1.31
352	1.45
353	1.51
354	1.46
355	1.69
356	1.59
357	1.64
358	1.61
359	1.64
360	1.57
361	1.37
362	1.27
363	1.30
364	1.65
365	1.59
366	1.70
367	1.66
368	1.90
369	1.91
370	2.31
371	2.24
372	2.41
373	2.36
374	2.52
375	2.74
376	2.63
377	2.64
378	2.26
379	1.89
380	1.68
381	1.52
382	1.53
383	1.50
384	1.35
385	1.33
386	1.65
387	2.26
388	1.97
389	2.09
390	1.97
391	1.86
392	1.59
393	1.63
394	1.43
395	1.39
396	1.11
397	1.24
398	1.27
399	1.30
400	1.20
401	1.36
402	1.20
403	1.26
404	1.21
405	2.47
406	1.95
407	1.70
408	1.67
409	1.47
410	1.42
411	1.38
412	1.69
413	1.52
414	1.61
415	1.54
416	1.60
417	1.65
418	1.55
419	1.36
420	1.31
421	1.28
422	1.28
423	1.28
424	1.42
425	1.43
426	1.53
427	1.66
428	1.84
429	1.98
430	2.13
431	2.47
432	2.43
433	2.77
434	2.54
435	2.69
436	2.43
437	2.57
438	2.62
439	2.78
440	2.67
441	2.78
442	3.19
443	2.83
444	2.73
445	2.74
446	2.38
447	3.54
448	2.94
449	2.62
450	2.43
451	2.10
452	2.17
453	1.93
454	2.35
455	2.51
456	2.39
457	1.99
458	1.97
459	2.30
460	2.20
461	2.05
462	2.16
463	2.12
464	2.06
465	2.01
466	2.03
467	1.79
468	2.03
469	2.13
470	2.13
471	2.05
472	2.34
473	2.28
474	2.22
475	2.26
476	2.16
477	1.95
478	1.67
479	1.64
480	1.64
481	1.41
482	1.59
483	1.42
484	1.25
485	1.16
486	1.13
487	1.32
488	1.20
489	1.54
490	1.93
491	1.80
492	2.52
493	2.86
494	2.95
495	2.79
496	2.23
497	2.41
498	2.08
499	1.92
500	1.81
501	2.25
502	1.99
503	2.11
504	2.21
505	1.85
506	2.26
507	1.90
508	1.74
509	1.71
510	1.64
511	1.31
512	1.23
513	1.12
514	1.31
515	1.19
516	1.29
517	1.39
518	1.59
519	1.40
520	1.54
521	1.54
522	2.21
523	2.11
524	2.54
525	2.59
526	2.51
527	1.94
528	2.07
529	1.89
530	2.16
531	2.37
532	2.15
533	2.04
534	1.97
535	1.84
536	1.58
537	1.51
538	1.52
539	1.18
540	1.28
541	1.11
542	1.03
543	1.03
544	1.05
545	1.01
546	1.18
547	1.30
548	1.31
549	1.21
550	1.10
551	1.28
552	1.24
553	1.23
554	1.17
555	1.27
556	1.13
557	1.18
558	1.19
559	1.17
560	1.23
561	1.28
562	1.33
563	1.45
564	1.27
565	1.28
566	1.28
567	1.29
568	1.12
569	1.17
570	1.13
571	1.13
572	1.09
573	0.990
574	1.16
575	1.27
576	1.30
577	1.71
578	1.57
579	1.75
580	1.77
581	1.82
582	1.48
583	1.50
584	1.49
585	1.47
586	1.26
587	1.40
588	1.46
589	1.25
590	1.39
591	1.34
592	1.45
593	1.48
594	1.31
595	1.39
596	1.42
597	1.23
598	1.15
599	1.16
600	1.33
601	1.46
602	1.37
603	1.48
604	1.37
605	1.42
606	1.45
607	1.20
608	1.21
609	1.13
610	1.09
611	1.05
612	1
613	1.09
614	1.01
615	0.870
616	1
617	0.910
618	0.810
619	0.690
620	0.730
621	0.760
622	0.650
623	0.740
624	0.930
625	1.11
626	1.18
627	1.31
628	1.30
629	1.33
630	1.23
631	1.42
632	1.64
633	1.36
634	1.27
635	1.12
636	1.28
637	1.35
638	1.41
639	1.64
640	1.59
641	1.39
642	1.29
643	1.12
644	1.13
645	1.14
646	1.05
647	1.04
648	1.03
649	0.970
650	0.840
651	0.800
652	0.740
653	0.770
654	0.740
655	0.710
656	0.730
657	0.800
658	0.880
659	1.10
660	1.12
661	0.950
662	0.970
663	1.11
664	1.04
665	0.880
666	1.15500000000000
667	1.22500000000000
668	1.26500000000000
669	1.25750000000000
670	1.43500000000000
671	1.35500000000000
672	1.23250000000000
673	1.28750000000000
674	1.34
675	1.26500000000000
676	1.31
677	1.19750000000000
678	1.13500000000000
679	1.39
680	1.14
681	1.14
682	0.990
683	1.11
684	0.990
685	1.03
686	0.970
687	0.990
688	1.15
689	1.22
690	1.36
691	1.12
692	1.25
693	1.43
694	1.32
695	1.19
696	1.07
697	1.24
698	1.10
699	0.930
700	0.880
701	0.900
702	0.820
703	0.800
704	0.780
705	0.860
706	0.860
707	0.910
708	0.870
709	1.06
710	1.01
711	1.13
712	1.09
713	1.15
714	1.45
715	1.48
716	1.59
717	1.37
718	1.38
719	1.32
720	1.30
721	1.27
722	1.33
723	1.32
724	1.30
725	1.23
726	1.26
727	1.14
728	1.15
729	1.15
730	1.11
731	1.21
732	1.15
733	1.09
734	1.12
735	1.15
736	1.22
737	1.26
738	1.32
739	1.41
740	1.55
741	1.57
742	1.45
743	1.41
744	1.45
745	1.35
746	1.24
747	1.33
748	1.18
749	1.29
750	1.18
751	1.30
752	1.20
753	1.16
754	1.04
755	1.05
756	1.17
757	1.43
758	1.28
759	1.36
760	1.33
761	1.29
762	1.28
763	1.22
764	1.22
765	1.20
766	1.36
767	1.27
768	1.14
769	1.25
770	1.19
771	1.14
772	1.06
773	1.01
774	1.06
775	1.11
776	1
777	1.04
778	1.13
779	1.15
780	1.24
781	1.38
782	1.34
783	1.60
784	1.60
785	1.53
786	1.30
787	1.39
788	1.95
789	2.18
790	1.56
791	1.48
792	1.34
793	1.38
794	1.30
795	1.20
796	1.38
797	1.36
798	1.21
799	1.26
800	1.33
801	1.35
802	1.16
803	1.04
804	1.08
805	1.10
806	1.11
807	1.04
808	1
809	1.03
810	1.08
811	1.19
812	1.14
813	1.21
814	1.30
815	1.43
816	1.39
817	1.33
818	1.31
819	1.45
820	1.44
821	1.30
822	1.17
823	1.21
824	1.15
825	1.07
826	0.940
827	1.06
828	1.03
829	1.06
830	1.04
831	1.03
832	1.04
833	1.11
834	1.14
835	1.31
836	1.17
837	1.09
838	1.11
839	1.22
840	1.06
841	1.05
842	1.10
843	1.16
844	1.31
845	1.19
846	1.28
847	1.26
848	1.29
849	1.32
850	1.30
851	1.32
852	1.18
853	1.19
854	1.29
855	1.38
856	1.49
857	1.53
858	1.42
859	1.51
860	1.42
861	1.32
862	1.41
863	1.34
864	1.47
865	1.44
866	1.43
867	1.42
868	1.39
869	1.23
870	1.56
871	1.30
872	1.10
873	1.30
874	1.46
875	1.21
876	1.19
877	1.37
878	1.30
879	1.41
880	1.46
881	1.63
882	1.70
883	1.87
884	1.69
885	1.74
886	1.68
887	1.47
888	1.29
889	1.33
890	1.20
891	1.18
892	1.09
893	1.17
894	1.12
895	1.01
896	1.06
897	1.07
898	1.05
899	1.09
900	1.20
901	1.36
902	1.61
903	1.51
904	1.25
905	1.26
906	1.36
907	1.51
908	1.19
909	1.49
910	1.48
911	1.28
912	1.08
913	1.14
914	1.19
915	1.38
916	1.23
917	1.29
918	1.38
919	1.48
920	1.28
921	1.41
922	1.42
923	1.32
924	1.11
925	1.19
926	1.29
927	1.01
928	0.900
929	0.820
930	0.890
931	0.870
932	0.950
933	1.22
934	1.66
935	1.67
936	1.62
937	1.59
938	1.55
939	1.54
940	1.49
941	1.35
942	1.47
943	1.49
944	1.63
945	1.63
946	1.79
947	1.59
948	1.56
949	1.32
950	1.29
951	1.35
952	1.25
953	1.24
954	1.90
955	2.26
956	2.13
957	2.04
958	1.84
959	1.74
960	1.60
961	1.81
962	2.11
963	1.85
964	1.72
965	1.64
966	1.64
967	1.50
968	1.25
969	1.11
970	0.990
971	1.03
972	0.860
973	0.950
974	0.940
975	0.940
976	0.910
977	0.840
978	0.920
979	1.34
980	1.07
981	1.11
982	1.23
983	1.43
984	1.62
985	2.21
986	2.74
987	2.48
988	2.43
989	2.80
990	3.69
991	5.13
992	5.80
993	6.95
994	7.67
995	5.82
996	5.64
997	4.47
998	3.45
999	3.27
1000	3.12
1001	2.75
1002	2.32
1003	2.23
1004	2.03
1005	1.98
1006	2.48
1007	2.29
1008	1.84
1009	1.96
1010	1.71
1011	1.88
1012	2.11
1013	1.95
1014	1.92
1015	2
1016	1.95
1017	1.85
1018	1.72
1019	2.04
1020	2.13
1021	1.94
1022	1.75
1023	1.99
1024	1.96
1025	1.91
1026	1.88
1027	2.13
1028	2.39
1029	2.55
1030	2.64
1031	2.67
1032	2.31
1033	1.93
1034	1.58
1035	1.42
1036	1.13
1037	1.18
1038	1.24
1039	1.11
1040	1.07
1041	1.11
1042	1.11
1043	1.26
1044	1.22
1045	1.31
1046	1.39
1047	1.32
1048	1.20
1049	1.06
1050	1.11
1051	1.30
1052	1.47
1053	1.39
1054	1.39
1055	1.67
1056	1.49
1057	1.55
1058	1.71
1059	1.71
1060	2
1061	1.84
1062	1.57
1063	1.73
1064	1.71
1065	1.57
1066	1.66
1067	1.98
1068	2.17
1069	1.98
1070	1.83
1071	2.01
1072	2.10
1073	1.79
1074	1.87
1075	1.56
1076	1.54
1077	1.43
1078	1.27
1079	1.13
1080	1.19
1081	1.10
1082	1.03
1083	1.17
1084	1
1085	1.04
1086	0.930
1087	1.03
1088	1.24
1089	1.65
1090	2.23
1091	2.84
1092	3.09
1093	4.83
1094	10.9600000000000
1095	4.42
1096	3.29
1097	2.55
1098	2.52
1099	1.88
1100	1.23
1101	1.23
1102	2.44
1103	2.43
1104	2.08
1105	2.10
1106	3.03
1107	2.13
1108	1.62
1109	2.13
1110	3.03
1111	2.66
1112	1.87
1113	2.07
1114	2.15
1115	2.25
1116	2.50
1117	2.77
1118	2.56
1119	2.98
1120	4.53
1121	3.41
1122	3.65
1123	3.63
1124	3.02
1125	2.31
1126	2.37
1127	2.73
1128	2.39
1129	1.97
1130	2.16
1131	2.31
1132	2.04
1133	1.87
1134	1.76
1135	1.97
1136	1.68
1137	1.32
1138	1.41
1139	1.41
1140	1.46
1141	1.31
1142	1.31
1143	1.53
1144	1.62
1145	1.54
1146	1.38
1147	1.29
1148	1.38
1149	1.39
1150	1.14
1151	1.13
1152	1.21
1153	1.25
1154	1.11
1155	1.05
1156	1.08
1157	1.23
1158	1.19
1159	1.22
1160	1.28
1161	1.20
1162	1.38
1163	1.28
1164	1.11
1165	1.29
1166	1.29
1167	1.27
1168	1.19
1169	1.29
1170	1.23
1171	1.59
1172	1.79
1173	1.44
1174	1.68
1175	1.76
1176	1.94
1177	1.87
1178	1.86
1179	1.96
1180	2
1181	2.05
1182	1.99
1183	1.57
1184	1.58
1185	1.58
1186	1.54
1187	1.33
1188	1.08
1189	1.12
1190	1.18
1191	1.05
1192	1.06
1193	1.21
1194	1.46
1195	1.60
1196	2.03
1197	2.52
1198	2.78
1199	2.95
1200	2.79
1201	2.57
1202	2.76
1203	1.89
1204	1.82
1205	1.38
1206	1.30
1207	1.27
1208	1.29
1209	1.08
1210	1.33
1211	1.40
1212	1.19
1213	1.07
1214	1.15
1215	1.39
1216	1.26
1217	1.98
1218	2.24
1219	2.09
1220	2.21
1221	2.27
1222	2.51
1223	2.27
1224	1.99
1225	1.67
1226	2.05
1227	2.17
1228	2.25
1229	2.37
1230	2.32
1231	2.17
1232	2.12
1233	2.07
1234	2
1235	1.72
1236	1.52
1237	1.35
1238	1.45
1239	1.47
1240	3.07
1241	3.98
1242	4.33
1243	4.21
1244	4.04
1245	4.04
1246	3.32
1247	2.94
1248	2.82
1249	2.71
1250	2.84
1251	2.92
1252	2.84
1253	2.33
1254	2.83
1255	2.81
1256	2.32
1257	2.55
1258	2.73
1259	2.79
1260	3.18
1261	3.01
1262	2.77
1263	2.28
1264	2.06
1265	2.27
1266	2.60
1267	2.86
1268	2.89
1269	2.88
1270	2.65
1271	2.45
1272	2.27
1273	1.88
1274	1.84
1275	2.39
1276	2.45
1277	2.29
1278	2.17
1279	2.05
1280	2.44
1281	2.26
1282	1.99
1283	1.71
1284	1.57
1285	1.72
1286	1.90
1287	1.60
1288	1.53
1289	1.40
1290	1.78
1291	2.03
1292	2.92
1293	3.44
1294	3.68
1295	3.45
1296	3.54
1297	3.54
1298	2.75
1299	2.92
1300	2.93
1301	2.63
1302	2.54
1303	2.30
1304	2.15
1305	1.99
1306	1.78
1307	1.85
1308	1.70
1309	1.60
1310	1.72
1311	1.62
1312	1.58
1313	1.47
1314	1.21
1315	1.34
1316	1.56
1317	2.64
1318	2.85
1319	2.73
1320	2.65
1321	3.25
1322	2.92
1323	3.34
1324	3.23
1325	3.54
1326	3.23
1327	2.69
1328	2.36
1329	2.48
1330	2.04
1331	1.97
1332	2.14
1333	2.14
1334	2.30
1335	2.54
1336	2.25
1337	2.77
1338	3.33
1339	2.93
1340	2.42
1341	2.17
1342	2.21
1343	2.33
1344	2.64
1345	1.91
1346	2.12
1347	2.11
1348	2.71
1349	2.42
1350	3.04
1351	3.41
1352	4.33
1353	4.33
1354	4.14
1355	4.22
1356	3.82
1357	3.17
1358	3.68
1359	3.62
1360	3.36
1361	3.30
1362	2.60
1363	2.65
1364	2.31
1365	2.20
1366	2.03
1367	2
1368	1.81
1369	1.98
1370	1.78
1371	1.81
1372	1.88
1373	1.95
1374	2.06
1375	2.32
1376	2.30
1377	2.57
1378	2.44
1379	2.37
1380	2.74
1381	2.96
1382	2.97
1383	2.78
1384	2.84
1385	2.78
1386	2.60
1387	2.79
1388	2.75
1389	2.83
1390	2.63
1391	2.69
1392	2.76
1393	2.96
1394	3.24
1395	3.24
1396	3.80
1397	3.90
1398	3.83
1399	3.64
1400	3.41
1401	3.37
1402	3.03
1403	2.68
1404	2.67
1405	2.16
1406	2.18
1407	1.67
1408	1.49
1409	2.03
1410	3.30
1411	4.91
1412	4.74
1413	4.28
1414	4.39
1415	4.64
1416	4.84
1417	3.40
1418	3.41
1419	3.12
1420	2.54
1421	2.18
1422	2.23
1423	2.37
1424	1.96
1425	1.67
1426	1.58
1427	1.66
1428	1.56
1429	1.66
1430	1.53
1431	1.45
1432	1.47
1433	1.43
1434	1.36
1435	1.31
1436	1.17
1437	1.62
1438	1.64
1439	1.82
1440	1.94
1441	1.49
1442	1.42
1443	2.72
1444	3.27
1445	3.60
1446	3.77
1447	3.85
1448	2.77
1449	2.51
1450	2.55
1451	2.18
1452	1.63
1453	1.93
1454	2.17
1455	2.08
1456	1.68
1457	1.77
1458	1.75
1459	1.85
1460	1.78
1461	1.70
1462	1.67
1463	1.73
1464	1.55
1465	1.84
1466	1.74
1467	1.59
1468	1.89
1469	1.81
1470	2.01
1471	2.05
1472	2.16
1473	2.52
1474	2.43
1475	3.98
1476	4.55
1477	4.33
1478	4.01
1479	4.36
1480	3.61
1481	3.10
1482	2.79
1483	2.62
1484	2.13
1485	2.04
1486	2.05
1487	2.29
1488	1.94
1489	1.79
1490	1.71
1491	1.46
1492	1.45
1493	1.26
1494	1.13
1495	1.17
1496	1.18
1497	1.10
1498	1.06
1499	1.12
1500	1.08
1501	0.920
1502	0.920
1503	1.10
1504	1.30
1505	1.63
1506	1.79
1507	1.78
1508	1.50
1509	1.54
1510	1.28
1511	1.35
1512	1.27
1513	1.18
1514	1.08
1515	0.980
1516	1.07
1517	1.14
1518	1.42
1519	1.58
1520	1.84
1521	1.92
1522	2.04
1523	2.12
1524	2.92
1525	3.03
1526	3.13
1527	3.05
1528	3.51
1529	2.82
1530	2.52
1531	2.39
1532	2.36
1533	2.08
1534	2.01
1535	2.09
1536	2.24
1537	1.87
1538	1.69
1539	1.72
1540	1.64
1541	1.86
1542	2.20
1543	2.27
1544	2.07
1545	1.81
1546	1.73
1547	1.65
1548	1.40
1549	1.43
1550	1.31
1551	1.28
1552	1.35
1553	1.59
1554	1.57
1555	1.82
1556	1.79
1557	1.76
1558	1.85
1559	1.79
1560	1.83
1561	1.62
1562	1.74
1563	1.44
1564	1.35
1565	1.05
1566	1.44
1567	1.36
1568	1.30
1569	1.26
1570	1.27
1571	1.13
1572	1.09
1573	0.920
1574	0.930
1575	0.950
1576	1.11
1577	1.07
1578	1.04
1579	1.16
1580	1.14
1581	1.07
1582	1.04
1583	1.10
1584	1.11
1585	1.18
1586	1.29
1587	1.83
1588	2.16
1589	2.01
1590	1.73
1591	1.78
1592	1.66
1593	1.39
1594	1.24
1595	1.31
1596	1.24
1597	1.55
1598	2.10
1599	3.52
1600	3.16
1601	3.82
1602	3.65
1603	3.32
1604	2.93
1605	2.37
1606	2.15
1607	1.80
1608	1.59
1609	1.37
1610	1.68
1611	1.89
1612	1.88
1613	1.80
1614	1.56
1615	1.66
1616	1.48
1617	1.33
1618	1.21
1619	1.20
1620	1.23
1621	1.23
1622	1.32
1623	1.46
1624	1.43
1625	1.59
1626	1.95
1627	1.79
1628	2.02
1629	2.38
1630	2.46
1631	2.75
1632	3.38
1633	2.88
1634	3.91
1635	4.75
1636	4.15
1637	4.07
1638	3.62
1639	3.14
1640	2.37
1641	2.49
1642	2.43
1643	2.11
1644	2.10
1645	1.90
1646	1.74
1647	1.83
1648	1.82
1649	1.52
1650	1.35
1651	1.18
1652	1.20
1653	1.37
1654	1.37
1655	1.46
1656	1.55
1657	1.46
1658	1.22
1659	1.33
1660	1.32
1661	1.29
1662	1.71
1663	1.60
1664	1.94
1665	2.46
1666	2.24
1667	2.81
1668	3.39
1669	4.03
1670	3.72
1671	3.18
1672	3.30
1673	3.53
1674	2.57
1675	2.11
1676	1.93
1677	1.69
1678	1.46
1679	1.41
1680	1.35
1681	1.31
1682	1.51
1683	1.46
1684	1.46
1685	1.56
1686	1.57
1687	1.53
1688	1.58
1689	1.99
1690	2.69
1691	3.68
1692	3.34
1693	2.75
1694	2.42
1695	2.45
1696	2.11
1697	1.91
1698	1.92
1699	1.86
1700	2.15
1701	1.84
1702	1.55
1703	1.59
1704	1.72
1705	1.59
1706	1.62
1707	1.33
1708	1.13
1709	1.19
1710	1.37
1711	1.32
1712	1.44
1713	1.50
1714	1.56
1715	1.55
1716	1.79
1717	1.70
1718	1.51
1719	1.73
1720	1.61
1721	1.65
1722	1.70
1723	1.87
1724	2.31
1725	3
1726	3.08
1727	3.41
1728	4.01
1729	4.24
1730	4.34
1731	4.18
1732	3.97
1733	4.20
1734	3.67
1735	3.51
1736	3.63
1737	3.50
1738	3.31
1739	2.83
1740	2.59
1741	2.26
1742	2.16
1743	2.08
1744	1.91
1745	2.70
1746	2.56
1747	2.94
1748	3.29
1749	3.19
1750	3.05
1751	2.89
1752	2.85
1753	2.64
1754	2.39
1755	2.27
1756	2.27
1757	1.93
1758	1.97
1759	1.90
1760	1.79
1761	1.69
1762	1.68
1763	1.50
1764	1.45
1765	1.60
1766	1.69
1767	1.54
1768	1.49
1769	1.76
1770	1.90
1771	2.25
1772	2.28
1773	2.48
1774	2.30
1775	2.06
1776	2.06
1777	1.82
1778	1.81
1779	1.52
1780	1.70
1781	1.72
1782	1.78
1783	1.74
1784	1.97
1785	1.94
1786	1.89
1787	2.02
1788	1.80
1789	1.80
1790	1.61
1791	1.41
1792	1.39
1793	1.44
1794	1.31
1795	1.16
1796	1.31
1797	1.14
1798	1.42
1799	1.65
1800	1.37
1801	1.30
1802	1.10
1803	1.22
1804	1.63
1805	1.65
1806	1.82
1807	1.85
1808	2.03
1809	2.19
1810	2.91
1811	3.60
1812	4.09
1813	4.31
1814	3.57
1815	2.98
1816	2.46
1817	2.02
1818	1.43
1819	1.48
1820	2.02
1821	2.29
1822	1.96
1823	1.31
1824	1.38
1825	1.52
1826	1.26
1827	1.15
1828	1.44
1829	1.47
1830	2.05
1831	2.16
1832	1.65
1833	1.89
1834	2.49
1835	3.44
1836	3.76
1837	4.49
1838	4.91
1839	4.69
1840	3.82
1841	3.25
1842	3.02
1843	2.99
1844	2.38
1845	2.07
1846	1.53
1847	1.30
1848	1.29
1849	1.34
1850	1.23
1851	1.32
1852	1.56
1853	1.54
1854	1.49
1855	2.04
1856	2.13
1857	2.29
1858	2.05
1859	1.73
1860	1.68
1861	1.51
1862	1.41
1863	1.33
1864	1.26
1865	1.14
1866	1.15
1867	1.10
1868	1.23
1869	1.17
1870	1.19
1871	1.32
1872	1.45
1873	1.91
1874	1.65
1875	1.76
1876	2.09
1877	2.08
1878	1.92
1879	1.85
1880	1.98
1881	2.34
1882	2.45
1883	2.25
1884	2.22
1885	2.10
1886	1.77
1887	1.68
1888	1.63
1889	1.37
1890	1.32
1891	1.47
1892	2.36
1893	2.53
1894	2.36
1895	2.02
1896	2.69
1897	2.50
1898	2.37
1899	2
1900	1.73
1901	1.45
1902	1.26
1903	1.24
1904	1.22
1905	1.14
1906	1.09
1907	1
1908	1.01
1909	0.960
1910	1.03
1911	1.08
1912	1.12
1913	1.12
1914	1.59
1915	1.58
1916	1.77
1917	1.64
1918	2.04
1919	1.62
1920	1.36
1921	1.25
1922	1.20
1923	1.46
1924	1.58
1925	1.33
1926	1.46
1927	1.62
1928	1.67
1929	1.56
1930	1.45
1931	1.28
1932	1.23
1933	1.20
1934	1.19
1935	1.09
1936	1.26
1937	1.49
1938	1.70
1939	1.59
1940	1.60
1941	1.49
1942	1.31
1943	1.44
1944	1.43
1945	2.13500000000000
1946	1.92500000000000
1947	1.92
1948	1.99750000000000
1949	1.92
1950	1.90500000000000
1951	1.85750000000000
1952	1.95500000000000
1953	2.01750000000000
1954	1.94250000000000
1955	1.83250000000000
1956	1.68
1957	1.88750000000000
1958	1.65750000000000
1959	1.62750000000000
1960	1.57750000000000
1961	1.59250000000000
1962	1.51750000000000
1963	1.85500000000000
1964	1.73
1965	1.77250000000000
1966	1.84500000000000
1967	1.64
1968	1.56
1969	1.58500000000000
1970	1.56750000000000
1971	1.47
1972	1.45500000000000
1973	1.33500000000000
1974	1.35750000000000
1975	1.47250000000000
1976	1.44250000000000
1977	1.44500000000000
1978	1.41750000000000
1979	1.32500000000000
1980	1.34750000000000
1981	1.29500000000000
1982	1.50750000000000
1983	1.48
1984	1.59500000000000
1985	1.68750000000000
1986	1.72500000000000
1987	1.68750000000000
1988	1.67500000000000
1989	1.63250000000000
1990	1.88750000000000
1991	1.85750000000000
1992	1.78750000000000
1993	1.77500000000000
1994	1.72500000000000
1995	1.32
1996	1.64
1997	1.74
1998	1.83
1999	1.96
2000	1.81
2001	1.96
2002	1.62
2003	1.59
2004	1.65
2005	1.69
2006	1.55
2007	1.43
2008	1.55
2009	1.53
2010	1.48
2011	1.62
2012	1.68
2013	1.68
2014	1.53
2015	1.50
2016	1.73
2017	1.87
2018	1.97
2019	1.66
2020	1.83
2021	1.81
2022	2.09
2023	2.17
2024	2.04
2025	2.26
2026	2.11
2027	1.90
2028	1.88
2029	1.83
2030	1.92
2031	1.57
2032	1.58
2033	1.58
2034	1.45
2035	1.62
2036	1.36
2037	1.36
2038	1.31
2039	1.31
2040	1.25
2041	1.25
2042	1.32
2043	1.21
2044	1.19
2045	1.20
2046	1.14
2047	1.12
2048	1.05
2049	1.07
2050	0.930
2051	0.940
2052	0.860
2053	0.860
2054	0.890
2055	0.900
2056	0.840
2057	0.790
2058	0.880
2059	0.870
2060	0.730
2061	0.700
2062	0.650
2063	0.680
2064	0.620
2065	0.630
2066	0.570
2067	0.630
2068	0.690
2069	0.770
2070	0.640
2071	0.780
2072	0.890
2073	1.05
2074	1.19
2075	1.13
2076	1.05
2077	1.14
2078	1.06
2079	1.03
2080	1.04
2081	1.40
2082	1.49
2083	1.51
2084	1.25
2085	1.29
2086	1.30
2087	1.24
2088	1.36
2089	1.25
2090	1.41
2091	1.66
2092	1.62
2093	1.74
2094	1.49
2095	1.46
2096	1.47
2097	1.22
2098	1.25
2099	1.28
2100	1.26
2101	1.42
2102	1.67
2103	1.58
2104	1.89
2105	1.58
2106	1.37
2107	1.23
2108	1.28
2109	1.30
2110	1.16
2111	1.35
2112	1.13
2113	0.910
2114	0.750
2115	0.840
2116	0.850
2117	0.860
2118	0.900
2119	0.880
2120	1.17
2121	1.19
2122	1.25
2123	1.32
2124	1.28
2125	1.31
2126	1.16
2127	1.16
2128	1.22
2129	1.50
2130	2.22
2131	2.05
2132	1.76
2133	1.76
2134	2.09
2135	1.84
2136	1.98
2137	1.57
2138	1.46
2139	1.51
2140	1.45
2141	1.49
2142	1.30
2143	1.28
2144	1.17
2145	1.23
2146	1.16
2147	1.18
2148	1.16
2149	1.27
2150	1.27
2151	1.14
2152	1.42
2153	1.20
2154	1.19
2155	1.17
2156	0.950
2157	0.780
2158	0.830
2159	1.01
2160	0.950
2161	0.760
2162	0.730
2163	0.770
2164	0.750
2165	0.670
2166	0.640
2167	0.660
2168	0.800
2169	0.870
2170	0.900
2171	0.970
2172	1.21
2173	0.900
2174	0.830
2175	0.920
2176	1
2177	1.05
2178	1
2179	0.980
2180	0.900
2181	0.900
2182	0.880
2183	0.920
2184	1.30
2185	1.16
2186	1.18
2187	1.15
2188	1.26
2189	1.04
2190	0.930
2191	0.950
2192	0.980
2193	0.870
2194	0.860
2195	0.850
2196	1.07
2197	1.04
2198	0.990
2199	1.09
2200	1.04
2201	1.08
2202	1.01
2203	1.09
2204	0.990
2205	1.01
2206	1.02
2207	0.990
2208	1.06
2209	1.10
2210	1.17
2211	1.13
2212	1.03
2213	1
2214	1.01
2215	1.15
2216	1.09
2217	1.14
2218	1.04
2219	1.09
2220	1.07
2221	1.10
2222	1.14
2223	1.12
2224	1.21
2225	1.27
2226	1.11
2227	1.11
2228	1.12
2229	1.07
2230	1.11
2231	1.03
2232	1.08
2233	1.36
2234	1.36
2235	1.43
2236	1.71
2237	1.83
2238	2.01
2239	2.37
2240	2.60
2241	2.54
2242	2.66
2243	2.01
2244	2.02
2245	1.82
2246	1.73
2247	1.53
2248	1.38
2249	1.57
2250	1.74
2251	1.43
2252	1.51
2253	1.50
2254	1.32
2255	1.28
2256	1.20
2257	1.24
2258	1.16
2259	0.950
2260	0.920
2261	0.940
2262	1.04
2263	1.03
2264	1.05
2265	1.19
2266	1.34
2267	1.47
2268	1.51
2269	1.50
2270	1.74
2271	1.57
2272	1.58
2273	1.46
2274	1.62
2275	1.62
2276	1.55
2277	1.34
2278	1.41
2279	1.49
2280	1.34
2281	1.33
2282	1.42
2283	1.38
2284	1.38
2285	1.36
2286	1.35
2287	1.50
2288	2.14
2289	1.97
2290	2.12
2291	2.05
2292	2.30
2293	2.14
2294	1.84
2295	1.43
2296	1.40
2297	1.35
2298	1.32
2299	1.04
2300	0.900
2301	0.830
2302	0.970
2303	1.19
2304	1.06
2305	1.08
2306	0.940
2307	0.980
2308	1.10
2309	0.990
2310	1.07
2311	1.14
2312	1.15
2313	1.04
2314	0.980
2315	1.03
2316	1.02
2317	0.870
2318	0.890
2319	0.880
2320	0.790
2321	0.740
2322	0.800
2323	0.870
2324	0.740
2325	0.890
2326	0.970
2327	0.920
2328	0.970
2329	1.04
2330	1.19
2331	1.20
2332	1.23
2333	1.21
2334	1.12
2335	1.12
2336	1.12
2337	1.13
2338	1.02
2339	0.970
2340	0.990
2341	1
2342	0.980
2343	1.13
2344	1.14
2345	0.990
2346	1.03
2347	1.11
2348	1.41
2349	1.21
2350	1.56
2351	1.35
2352	1.28
2353	1.20
2354	1.30
2355	1.12
2356	0.940
2357	0.810
2358	0.860
2359	0.770
2360	0.830
2361	0.740
2362	0.870
2363	0.830
2364	0.950
2365	0.930
2366	0.910
2367	0.810
2368	0.710
2369	0.670
2370	0.690
2371	0.750
2372	0.670
2373	0.770
2374	0.860
2375	1.13
2376	1.10
2377	1.14
2378	1.04
2379	0.850
2380	0.900
2381	0.860
2382	0.760
2383	0.850
2384	0.790
2385	0.830
2386	0.920
2387	0.890
2388	1.03
2389	0.920
2390	0.910
2391	0.920
2392	0.970
2393	1.05
2394	1.05
2395	1.04
2396	1.27
2397	1.25
2398	1.17
2399	1.19
2400	1.25
2401	1.35
2402	1.51
2403	1.77
2404	1.87
2405	1.98
2406	1.95
2407	1.64
2408	1.40
2409	1.63
2410	1.40
2411	1.52
2412	1.37
2413	1.33
2414	1.25
2415	1.31
2416	1.41
2417	1.41
2418	1.61
2419	1.51
2420	1.45
2421	1.35
2422	1.15
2423	1.15
2424	1.03
2425	1.03
2426	0.920
2427	0.850
2428	0.810
2429	0.800
2430	0.840
2431	0.780
2432	0.810
2433	0.840
2434	1.04
2435	1.35
2436	1.31
2437	1.28
2438	1.39
2439	1.20
2440	1.11
2441	1.05
2442	1.01
2443	1.16
2444	1.73
2445	4.11
2446	4.53
2447	4.94
2448	4.47
2449	4.57
2450	4.68
2451	4.10
2452	4.88
2453	5.01
2454	5.44
2455	5.52
2456	6.38
2457	7.06
2458	7.93
2459	8.29
2460	7.90
2461	8.79
2462	7.40
2463	7.08
2464	6.01
2465	5.57
2466	3.91
2467	3.92
2468	4.05
2469	4.21
2470	4.30
2471	2.74
2472	2.51
2473	2.21
2474	1.92
2475	1.98
2476	1.88
2477	1.73
2478	1.48
2479	1.48
2480	1.56
2481	1.52
2482	1.51
2483	1.62
2484	2.02
2485	2.01
2486	1.65
2487	1.29
2488	1.66
2489	1.44
2490	1.48
2491	1.29
2492	2.37
2493	3.03
2494	2.67
2495	2.46
2496	1.78
2497	1.54
2498	1.54
2499	1.71
2500	1.69
2501	1.77
2502	1.38
2503	1.55
2504	1.97
2505	1.75
2506	1.46
2507	1.36
2508	1.47
2509	1.28
2510	1.48
2511	1.42
2512	1.35
2513	1.21
2514	1.13
2515	1.31
2516	1.27
2517	1.61
2518	1.78
2519	1.89
2520	2.01
2521	1.74
2522	1.53
2523	1.81
2524	1.54
2525	1.68
2526	1.74
2527	1.51
2528	1.45
2529	1.36
2530	1.60
2531	1.28
2532	1.43
2533	1.47
2534	1.47
2535	1.59
2536	1.56
2537	1.71
2538	1.54
2539	1.51
2540	1.43
2541	1.53
2542	1.61
2543	1.57
2544	1.52
2545	1.43
2546	1.60
2547	1.62
2548	1.62
2549	1.51
2550	1.84
2551	1.55
2552	1.53
2553	1.44
2554	1.42
2555	1.22
2556	1.21
2557	1.06
2558	1.11
2559	1.26
2560	1.29
2561	1.18
2562	1.22
2563	1.19
2564	1.16
2565	1.05
2566	1.09
2567	1.19
2568	1.26
2569	1.40
2570	1.35
2571	1.26
2572	1.30
2573	1.15
2574	1.21
2575	1.52
2576	1.48
2577	1.38
2578	1.33
2579	1.40
2580	1.70
2581	1.62
2582	1.98
2583	1.74
2584	1.56
2585	1.68
2586	1.89
2587	1.74
2588	1.89
2589	1.59
2590	1.71
2591	1.69
2592	1.77
2593	1.66
2594	1.82
2595	1.77
2596	1.65
2597	1.39
2598	1.64
2599	1.56
2600	1.49
2601	1.44
2602	1.48
2603	1.35
2604	1.37
2605	1.44
2606	1.63
2607	1.57
2608	1.82
2609	2.15
2610	2.40
2611	2.54
2612	2.48
2613	3.57
2614	3.57
2615	3.54
2616	3.92
2617	4.34
2618	5.22
2619	8.20
2620	6.33
2621	4.63
2622	3.06
2623	3.30
2624	2.45
2625	2.12
2626	2.19
2627	2.09
2628	2.42
2629	2.13
2630	2.45
2631	2.39
2632	2.18
2633	2.13
2634	2.11
2635	1.85
2636	1.53
2637	1.63
2638	1.46
2639	1.34
2640	1.19
2641	1.07
2642	1.23
2643	1.09
2644	1.01
2645	1.07
2646	1.21
2647	1.58
2648	2.23
2649	2
2650	1.85
2651	1.93
2652	1.92
2653	1.73
2654	1.80
2655	1.93
2656	1.79
2657	1.65
2658	1.61
2659	1.47
2660	1.34
2661	1.35
2662	1.17
2663	1.51
2664	2.39
2665	2.85
2666	2.84
2667	2.86
2668	4
2669	5.16
2670	5.90
2671	5.46
2672	5.25
2673	4.75
2674	4.36
2675	4.41
2676	3.65
2677	3
2678	2.88
2679	2.79
2680	2.52
2681	2.68
2682	2.83
2683	2.87
2684	2.89
2685	2.66
2686	2.41
2687	2.30
2688	2.56
2689	2.39
2690	2.28
2691	2.28
2692	2.65
2693	2.13
2694	2.08
2695	1.98
2696	1.84
2697	2.33
2698	2.17
2699	2.08
2700	1.85
2701	1.93
2702	1.73
2703	1.33
2704	1.31
2705	1.27
2706	1.28
2707	1.45
2708	1.42
2709	1.62
2710	1.47
2711	1.37
2712	1.30
2713	1.38
2714	1.50
2715	2.21
2716	2.48
2717	2.39
2718	1.92
2719	2.12
2720	2.31
2721	2.22
2722	2.30
2723	2.63
2724	3.04
2725	3.61
2726	3.59
2727	3.18
2728	4.05
2729	4.51
2730	3.43
2731	3.40
2732	3.46
2733	3.17
2734	2.68
2735	2.72
2736	2.53
2737	2.31
2738	2.25
2739	2.30
2740	2.37
2741	2.12
2742	2.42
2743	2.50
2744	2.61
2745	2.74
2746	2.37
2747	2.44
2748	2.12
2749	2.10
2750	2.28
2751	1.74
2752	2.08
2753	2.31
2754	2.10
2755	2.24
2756	1.86
2757	2.14
2758	2.01
2759	1.81
2760	1.91
2761	1.55
2762	1.42
2763	1.29
2764	1.22
2765	1.60
2766	1.72
2767	1.83
2768	2.10
2769	2.44
2770	2.44
2771	2.64
2772	3.29
2773	3.40
2774	3.32
2775	3.01
2776	3.20
2777	2.79
2778	2.32
2779	2.01
2780	1.81
2781	1.86
2782	1.76
2783	2.07
2784	1.89
2785	2.30
2786	2.13
2787	2.11
2788	1.89
2789	1.95
2790	1.89
2791	1.82
2792	1.61
2793	1.50
2794	1.31
2795	1.45
2796	1.33
2797	1.75
2798	2.38
2799	2.84
2800	2.86
2801	2.80
2802	2.72
2803	3.08
2804	3.16
2805	2.87
2806	2.61
2807	2.92
2808	2.68
2809	2.45
2810	2.38
2811	2.38
2812	2.59
2813	3.11
2814	3.06
2815	2.70
2816	2.68
2817	2.51
2818	2.69
2819	2
2820	2.24
2821	1.68
2822	1.76
2823	1.63
2824	2.04
2825	1.83
2826	1.84
2827	1.57
2828	1.47
2829	1.48
2830	1.72
2831	1.73
2832	1.87
2833	1.99
2834	1.57
2835	1.80
2836	1.81
2837	1.73
2838	1.56
2839	1.45
2840	1.31
2841	1.36
2842	1.42
2843	1.47
2844	1.58
2845	1.55
2846	1.65
2847	1.61
2848	1.68
2849	1.86
2850	1.76
2851	1.67
2852	1.65
2853	1.79
2854	1.62
2855	1.74
2856	1.34
2857	1.52
2858	1.51
2859	1.83
2860	2.72
2861	3.11
2862	3.28
2863	2.82
2864	2.72
2865	2.19
2866	2.15
2867	2.11
2868	1.96
2869	1.69
2870	1.84
2871	1.71
2872	1.43
2873	1.32
2874	1.31
2875	1.47
2876	1.90
2877	2.11
2878	3.14
2879	3.38
2880	3.54
2881	4.36
2882	3.76
2883	3.89
2884	4.75
2885	4.33
2886	3.54
2887	3.28
2888	3.23
2889	2.56
2890	3.14
2891	3.59
2892	4.42
2893	4.08
2894	3.16
2895	2.62
2896	2.73
2897	2.33
2898	2
2899	1.67
2900	1.55
2901	1.39
2902	1.21
2903	1.04
2904	1.03
2905	1.03
2906	1.10
2907	1.05
2908	1.06
2909	1.09
2910	1.13
2911	1.11
2912	1.02
2913	1.51
2914	1.75
2915	2.10
2916	2.07
2917	2.12
2918	1.75
2919	1.56
2920	1.71
2921	2.22
2922	2.43
2923	3.54
2924	4.28
2925	5.61
2926	5.33
2927	4.08
2928	4.23
2929	3.63
2930	2.58
2931	2.57
2932	2.46
2933	2.16
2934	2.37
2935	2.09
2936	2.27
2937	2
2938	1.84
2939	1.99
2940	2.29
2941	2.16
2942	1.88
2943	1.80
2944	1.69
2945	1.97
2946	1.55
2947	1.20
2948	1.51
2949	1.59
2950	1.52
2951	1.49
2952	1.40
2953	1.24
2954	1.24
2955	1.20
2956	1.24
2957	2.44
2958	1.79
2959	1.67
2960	1.84
2961	1.67
2962	1.60
2963	1.51
2964	1.77
2965	1.84
2966	1.78
2967	1.62
2968	1.81
2969	2.06
2970	2.56
2971	2.77
2972	2.70
2973	3.16
2974	3.87
2975	4.19
2976	3.67
2977	3.14
2978	2.83
2979	2.83
2980	3.32
2981	2.90
2982	2.32
2983	2.15
2984	1.91
2985	1.90
2986	1.66
2987	1.62
2988	1.73
2989	1.36
2990	1.31
2991	1.21
2992	1.19
2993	1.18
2994	1.19
2995	1.13
2996	1.26
2997	1.09
2998	1.02
2999	1.04
3000	1.04
3001	1.36
3002	2.89
3003	2.52
3004	2.31
3005	1.74
3006	1.74
3007	1.50
3008	1.26
3009	1.24
3010	1.11
3011	0.960
3012	1
3013	1.12
3014	1.19
3015	1.17
3016	1.24
3017	1.73
3018	2.05
3019	2.13
3020	2.33
3021	2.47
3022	2.10
3023	2.10
3024	2.81
3025	3.62
3026	3.71
3027	3.98
3028	3.16
3029	2.95
3030	2.13
3031	1.58
3032	1.38
3033	1.58
3034	1.80
3035	2.06
3036	2.42
3037	3
3038	2.41
3039	2.34
3040	2.37
3041	2.19
3042	1.52
3043	1.44
3044	1.32
3045	1.50
3046	1.59
3047	1.56
3048	1.46
3049	1.47
3050	1.35
3051	1.31
3052	1.21
3053	1.29
3054	1.28
3055	1.57
3056	2.13
3057	2.15
3058	2.26
3059	2.46
3060	2.10
3061	2.21
3062	2.03
3063	1.62
3064	1.70
3065	2.17
3066	2.79
3067	3.05
3068	2.43
3069	2.32
3070	2.17
3071	2.06
3072	1.70
3073	1.52
3074	1.18
3075	1.11
3076	1.32
3077	1.21
3078	1.35
3079	1.52
3080	1.67
3081	1.42
3082	1.32
3083	1.28
3084	1.22
3085	1.21
3086	1.14
3087	2.13
3088	3.30
3089	3.91
3090	4.04
3091	3.32
3092	3.85
3093	3.34
3094	2.91
3095	2.77
3096	2.39
3097	2.26
3098	1.72
3099	1.43
3100	1.43
3101	1.26
3102	1.23
3103	1.32
3104	1.20
3105	1.29
3106	1.25
3107	1.05
3108	1.16
3109	1.48
3110	1.41
3111	1.57
3112	1.66
3113	1.84
3114	1.64
3115	2.24
3116	2.63
3117	2.28
3118	2.07
3119	3.44
3120	4.20
3121	4.03
3122	4.17
3123	4.35
3124	3.86
3125	3.78
3126	2.58
3127	2.65
3128	2.11
3129	2.04
3130	1.60
3131	1.64
3132	1.43
3133	1.54
3134	1.48
3135	1.59
3136	2.13
3137	2.95
3138	3.28
3139	3.23
3140	2.81
3141	2.68
3142	2.67
3143	3.39
3144	3.49
3145	3.67
3146	2.91
3147	2.65
3148	2.37
3149	2.26
3150	1.87
3151	2.65
3152	2.72
3153	2.74
3154	2.67
3155	2.25
3156	2.48
3157	2.25
3158	2.15
3159	2.26
3160	2.07
3161	1.89
3162	2.17
3163	2.25
3164	2.49
3165	2.17
3166	2.06
3167	3
3168	2.59
3169	1.95
3170	1.88
3171	1.93
3172	2.59
3173	2.36
3174	2.25
3175	1.97
3176	2.93
3177	3.09
3178	3.59
3179	4.12
3180	3.18
3181	3.33
3182	2.73
3183	2.22
3184	2.39
3185	2.24
3186	1.70
3187	2.14
3188	2.78
3189	3.15
3190	5.02
3191	5.04
3192	5.12
3193	5.10
3194	4.75
3195	5.08
3196	5.35
3197	5.52
3198	5.85
3199	5.15
3200	4.80
3201	4.88
3202	4.32
3203	4.26
3204	4.36
3205	4.21
3206	3.69
3207	3.99
3208	4.21
3209	4.06
3210	3.85
3211	2.94
3212	3.28
3213	3.25
3214	2.98
3215	2.88
3216	2.64
3217	2.41
3218	2.29
3219	1.92
3220	1.91
3221	2.01
3222	2.18
3223	2.53
3224	2.94
3225	2.73
3226	2.44
3227	1.99
3228	1.89
3229	1.83
3230	1.84
3231	1.68
3232	1.89
3233	1.70
3234	1.65
3235	1.39
3236	1.23
3237	1.07
3238	1.13
3239	1.26
3240	1.30
3241	1.25
3242	1.23
3243	1.62
3244	2.02
3245	2.35
3246	1.66
3247	1.55
3248	1.62
3249	1.72
3250	2.10
3251	2.51
3252	2.80
3253	3.05
3254	2.48
3255	2.21
3256	2.10
3257	1.77
3258	1.68
3259	1.94
3260	2.28
3261	1.82
3262	1.99
3263	1.99
3264	2.31
3265	1.97
3266	3.08
3267	3.22
3268	3.05
3269	3.04
3270	2.83
3271	2.56
3272	2.57
3273	2.55
3274	2.65
3275	2.50
3276	3.03
3277	3.41
3278	2.88
3279	2.49
3280	2.38
3281	2.01
3282	1.90
3283	1.96
3284	1.90
3285	1.89
3286	1.97
3287	1.63
3288	1.70
3289	1.61
3290	1.44
3291	1.69
3292	2.10
3293	1.90
3294	1.85
3295	1.57
3296	1.65
3297	1.42
3298	1.48
3299	1.18
3300	1.28
3301	1.37
3302	1.85
3303	1.91
3304	1.88
3305	1.73
3306	1.77
3307	1.97
3308	2.17
3309	2.14
3310	2.34
3311	2.06
3312	1.78
3313	1.73
3314	2.18
3315	2.57
3316	2.29
3317	2.79
3318	2.77
3319	2.25
3320	1.89
3321	2.05
3322	1.89
3323	1.73
3324	1.59
3325	1.61
3326	1.58
3327	1.49
3328	1.40
3329	1.36
3330	1.38
3331	1.38
3332	1.42
3333	1.30
3334	1.17
3335	1.01
3336	1.15
3337	1.18
3338	1.25
3339	1.12
3340	1.01
3341	1.03
3342	1.09
3343	1.11
3344	1.11
3345	1.18
3346	1.39
3347	1.45
3348	1.42
3349	1.36
3350	1.62
3351	1.89
3352	1.89
3353	1.83
3354	1.79
3355	1.70
3356	1.59
3357	1.61
3358	1.81
3359	1.73
3360	1.66
3361	1.64
3362	1.72
3363	1.86
3364	1.64
3365	1.48
3366	1.47
3367	1.55
3368	1.44
3369	1.51
3370	2
3371	2.15
3372	1.86
3373	1.85
3374	2.10
3375	1.99
3376	2.07
3377	2.06
3378	2.01
3379	2.19
3380	1.99
3381	2.09
3382	2.07
3383	1.96
3384	2.26
3385	2.35
3386	2.48
3387	2.63
3388	2.58
3389	2.51
3390	3.22
3391	2.90
3392	2.81
3393	2.42
3394	2.59
3395	2.43
3396	2.55
3397	2.37
3398	2.82
3399	2.51
3400	2.65
3401	2.26
3402	2.38
3403	2.25
3404	2.24
3405	2.37
3406	1.88
3407	1.77
3408	1.67
3409	1.52
3410	1.17
3411	1.30
3412	1.15
3413	1.07
3414	1.03
3415	1.01
3416	1.24
3417	1.35
3418	1.37
3419	1.52
3420	1.34
3421	1.30
3422	1.39
3423	1.73
3424	1.78
3425	2.06
3426	2.34
3427	2.16
3428	2.19
3429	2.14
3430	1.87
3431	1.73
3432	1.87
3433	1.89
3434	1.69
3435	1.67
3436	1.60
3437	1.46
3438	1.38
3439	1.39
3440	1.37
3441	1.28
3442	1.35
3443	1.40
3444	1.33
3445	1.42
3446	1.63
3447	1.80
3448	1.56
3449	1.61
3450	2.34
3451	1.88
3452	1.88
3453	2.19
3454	2.03
3455	1.61
3456	1.71
3457	1.68
3458	1.77
3459	1.64
3460	1.83
3461	1.64
3462	1.71
3463	2.18
3464	2.58
3465	2.59
3466	2.47
3467	2.22
3468	2.17
3469	1.98
3470	1.56
3471	1.55
3472	1.47
3473	1.58
3474	1.32
3475	1.41
3476	1.68
3477	1.59
3478	1.40
3479	1.20
3480	1.09
3481	1.07
3482	1.08
3483	1.19
3484	1.97
3485	1.71
3486	1.43
3487	1.32
3488	1.30
3489	1.42
3490	1.32
3491	1.21
3492	1.16
3493	1.21
3494	1.12
3495	1.19
3496	1.27
3497	1.65
3498	1.65
3499	1.48
3500	1.54
3501	1.52
3502	1.48
3503	1.49
3504	1.39
3505	1.40
3506	1.25
3507	1.30
3508	1.26
3509	1.14
3510	1.24
3511	1.33
3512	1.30
3513	1.60
3514	1.42
3515	1.25
3516	1.25
3517	1.22
3518	1.11
3519	1.03
3520	1.18
3521	1.18
3522	1.12
3523	1.26
3524	1.21
3525	1.24
3526	1.33
3527	1.23
3528	1.47
3529	1.36
3530	1.38
3531	1.08
3532	1.09
3533	1
3534	0.980
3535	1.15
3536	1.10
3537	1.03
3538	1.21
3539	1.22
3540	1.19
3541	1.19
3542	1.22
3543	1.25
3544	1.20
3545	1.15
3546	1.16
3547	1.16
3548	1.11
3549	1.03
3550	1.11
3551	1.15
3552	1.15
3553	0.980
3554	1.01
3555	1.08
3556	1.16
3557	1.13
3558	1.39
3559	1.57
3560	1.60
3561	1.85
3562	1.91
3563	1.99
3564	1.84
3565	1.70
3566	1.50
3567	1.34
3568	1.29
3569	1.43
3570	1.23
3571	1.19
3572	1.17
3573	1.25
3574	1.32
3575	1.31
3576	1.25
3577	1.19
3578	1.24
3579	1.10
3580	1.15
3581	1.09
3582	1.21
3583	1.25
3584	1.26
3585	1.43
3586	1.50
3587	1.73
3588	1.90
3589	1.73
3590	1.57
3591	1.51
3592	1.42
3593	1.53
3594	1.55
3595	1.51
3596	1.42
3597	1.36
3598	1.24
3599	1.10
3600	1.16
3601	1.10
3602	1.24
3603	1.24
3604	1.24
3605	1.23
3606	1.34
3607	1.26
3608	1.29
3609	1.39
3610	1.22
3611	1.36
3612	1.33
3613	1.50
3614	1.42
3615	1.54
3616	1.47
3617	1.26
3618	1.28
3619	1.24
3620	1.43
3621	1.32
3622	1.19
3623	1.20
3624	1.15
3625	0.970
3626	1.07
3627	1.06
3628	1.13
3629	1.12
3630	1.04
3631	1.08
3632	1.06
3633	0.990
3634	0.850
3635	0.970
3636	1
3637	0.910
3638	0.890
3639	0.960
3640	0.900
3641	0.930
3642	0.920
3643	0.840
3644	0.950
3645	0.920
3646	1.01
3647	1.10
3648	1.13
3649	1.04
3650	1.23
3651	1.18
3652	1.15
3653	1.10
3654	1.07
3655	1.04
3656	1.11
3657	1.14
3658	1.48
3659	1.59
3660	1.59
3661	1.65
3662	1.58
3663	1.74
3664	1.83
3665	1.63
3666	1.48
3667	1.44
3668	1.42
3669	1.33
3670	1.24
3671	1.23
3672	1.13
3673	1.16
3674	1.10
3675	1.22
3676	1.13
3677	1
3678	0.870
3679	0.910
3680	0.870
3681	0.830
3682	0.750
3683	0.830
3684	0.740
3685	0.770
3686	0.750
3687	0.760
3688	0.840
3689	0.810
3690	0.860
3691	0.980
3692	1
3693	1.01
3694	1.07
3695	1.07
3696	1.12
3697	1.49
3698	1.28
3699	1.17
3700	1.37
3701	1.16
3702	1.44
3703	1.19
3704	1.30
3705	1.44
3706	1.47
3707	1.61
3708	1.23
3709	1.46
3710	1.17
3711	1.22
3712	1.03
3713	1.02
3714	1.01
3715	0.850
3716	0.740
3717	0.780
3718	0.850
3719	0.900
3720	0.950
3721	1
3722	1.02
3723	1.05
3724	0.960
3725	1.04
3726	1.10
3727	1
3728	0.840
3729	0.980
3730	1.03
3731	0.970
3732	1.12
3733	0.970
3734	1.06
3735	1.03
3736	1.04
3737	1.01
3738	1.02
3739	1.09
3740	0.950
3741	0.970
3742	0.810
3743	0.920
3744	0.740
3745	0.790
3746	0.920
3747	0.870
3748	1.02
3749	1.03
3750	1.08
3751	0.920
3752	1.34
3753	1.41
3754	1.27
3755	1.30
3756	1.29
3757	1.29
3758	1.30
3759	1.53
3760	1.50
3761	1.56
3762	1.64
3763	2.01
3764	1.94
3765	1.92
3766	1.31
3767	1.25
3768	1.24
3769	0.970
3770	1.04
3771	0.910
3772	0.960
3773	0.860
3774	0.800
3775	0.740
3776	0.850
3777	0.770
3778	0.790
3779	0.810
3780	0.840
3781	0.750
3782	0.700
3783	0.720
3784	0.680
3785	0.670
3786	0.740
3787	0.950
3788	0.930
3789	0.970
3790	0.990
3791	1.04
3792	0.880
3793	0.950
3794	1.14
3795	1.17
3796	1.10
3797	1.13
3798	1.53
3799	1.43
3800	1.20
3801	1.18
3802	1.23
3803	1.26
3804	1.19
3805	1.51
3806	1.31
3807	1.19
3808	1.30
3809	1.37
3810	1.14
3811	1.21
3812	1.23
3813	1.26
3814	1.14
3815	0.980
3816	1.03
3817	1.07
3818	0.990
3819	1.04
3820	1.03
3821	1.16
3822	1
3823	0.960
3824	1.04
3825	1
3826	0.890
3827	0.910
3828	0.890
3829	0.850
3830	0.890
3831	1.01
3832	1.04
3833	1.22
3834	1.28
3835	1.47
3836	1.74
3837	1.91
3838	2.04
3839	1.85
3840	1.72
3841	1.79
3842	1.68
3843	1.55
3844	1.49
3845	1.37
3846	1.32
3847	1.36
3848	1.33
3849	1.18
3850	1.13
3851	0.970
3852	0.900
3853	0.900
3854	0.940
3855	0.950
3856	0.930
3857	1.03
3858	1.12
3859	1.10
3860	0.990
3861	0.960
3862	0.930
3863	0.930
3864	0.820
3865	0.890
3866	1.01
3867	0.880
3868	0.700
3869	0.750
3870	0.820
3871	0.660
3872	0.590
3873	0.620
3874	0.730
3875	0.760
3876	0.970
3877	1.34
3878	1.48
3879	1.30
3880	1.21
3881	1.09
3882	1.18
3883	1.09
3884	1.08
3885	1.09
3886	1.25
3887	1.04
3888	1
3889	1.15
3890	1.06
3891	1.19
3892	1.14
3893	1.36
3894	1.42
3895	1.42
3896	1.54
3897	1.32
3898	1.24
3899	1.20
3900	1.22
3901	1.24
3902	1.11
3903	1.12
3904	1.01
3905	0.940
3906	1.02
3907	1.02
3908	1.11
3909	1.11
3910	1.13
3911	1.27
3912	1.50
3913	1.68
3914	1.60
3915	1.94
3916	2
3917	1.70
3918	1.98
3919	2.07
3920	1.89
3921	1.65
3922	1.51
3923	1.35
3924	1.20
3925	1.36
3926	1.51
3927	1.91
3928	1.83
3929	2.21
3930	1.94
3931	2.32
3932	1.91
3933	2.62
3934	3.33
3935	2.90
3936	1.89
3937	1.30
3938	1.16
3939	1.09
3940	0.950
3941	0.980
3942	1.12
3943	1.10
3944	1.31
3945	1.18
3946	1.21
3947	1.24
3948	1.12
3949	1.02
3950	1.13
3951	1.14
3952	0.980
3953	1.02
3954	1.11
3955	1.27
3956	1.26
3957	1.51
3958	1.52
3959	1.50
3960	1.54
3961	1.31
3962	1.34
3963	1.33
3964	1.22
3965	1.23
3966	1.29
3967	1.57
3968	1.37
3969	1.23
3970	1.22
3971	1.59
3972	1.85
3973	1.72
3974	1.97
3975	1.77
3976	2.05
3977	2.30
3978	2.56
3979	2.47
3980	2.02
3981	1.61
3982	1.59
3983	1.63
3984	1.27
3985	1.01
3986	1.09
3987	1.06
3988	0.890
3989	0.880
3990	0.950
3991	1.12
3992	1.15
3993	1.26
3994	1.28
3995	1.69
3996	1.70
3997	1.61
3998	1.62
3999	1.41
4000	1.70
4001	2.20
4002	2.56
4003	3.16
4004	2.54
4005	1.88
4006	1.78
4007	1.82
4008	1.82
4009	1.55
4010	1.88
4011	1.79
4012	1.80
4013	1.32
4014	1.34
4015	1.78
4016	1.68
4017	1.40
4018	1.19
4019	1.25
4020	1.21
4021	0.990
4022	0.930
4023	0.960
4024	1.06
4025	0.920
4026	0.980
4027	1.26
4028	1.19
4029	0.890
4030	1.03
4031	1.16
4032	1.13
4033	1.01
4034	0.840
4035	0.830
4036	0.880
4037	1.04
4038	1.09
4039	1.13
4040	1.34
4041	1.67
4042	2.01
4043	1.56
4044	1.97
4045	1.60
4046	1.71
4047	1.61
4048	1.48
4049	1.11
4050	0.900
4051	1.03
4052	1.13
4053	1.18
4054	1.29
4055	1.38
4056	1.33
4057	1.48
4058	1.68
4059	1.65
4060	1.46
4061	1.41
4062	1.30
4063	1.23
4064	1.18
4065	1.08
4066	1.13
4067	0.980
4068	1.09
4069	1.13
4070	1.22
4071	1.18
4072	1.60
4073	1.64
4074	1.81
4075	1.70
4076	2
4077	2.13
4078	1.86
4079	1.92
4080	2.09
4081	2.47
4082	1.88
4083	1.73
4084	1.70
4085	1.74
4086	1.63
4087	1.61
4088	1.44
4089	1.32
4090	1.20
4091	1.15
4092	1.17
4093	1.24
4094	1.26
4095	1.23
4096	1.02
4097	0.900
4098	0.900
4099	0.870
4100	0.830
4101	0.810
4102	0.770
4103	0.750
4104	0.670
4105	0.750
4106	0.830
4107	0.950
4108	1.15
4109	1.49
4110	1.35
4111	1.41
4112	1.15
4113	1.24
4114	1.14
4115	1.14
4116	1.07
4117	1.47
4118	1.65
4119	1.49
4120	1.55
4121	1.32
4122	1.59
4123	1.78
4124	1.59
4125	1.43
4126	1.55
4127	1.30
4128	1.34
4129	1.28
4130	1.47
4131	1.43
4132	1.61
4133	1.59
4134	1.57
4135	1.49
4136	1.62
4137	1.64
4138	1.71
4139	1.94
4140	1.91
4141	2.18
4142	2.45
4143	3.17
4144	2.53
4145	2.29
4146	2.37
4147	2.13
4148	1.92
4149	1.89
4150	1.94
4151	1.81
4152	1.60
4153	1.83
4154	1.90
4155	1.86
4156	1.86
4157	1.74
4158	1.69
4159	2.53
4160	2.67
4161	2.88
4162	3.50
4163	3.79
4164	3.13
4165	3.80
4166	3.98
4167	3.19
4168	2.76
4169	2.71
4170	3.25
4171	2.85
4172	2.25
4173	1.98
4174	1.85
4175	1.63
4176	1.44
4177	2.64
4178	2.83
4179	2.63
4180	2.61
4181	2.18
4182	1.72
4183	1.53
4184	1.58
4185	1.36
4186	1.23
4187	1.09
4188	1.42
4189	1.20
4190	1.33
4191	1.67
4192	1.65
4193	1.94
4194	1.76
4195	1.97
4196	2.96
4197	4.51
4198	3.56
4199	4.05
4200	3.59
4201	3.56
4202	3.48
4203	3.71
4204	3.58
4205	3.37
4206	3.21
4207	3.49
4208	3.34
4209	3.58
4210	4.04
4211	3.51
4212	3.66
4213	3.84
4214	3.93
4215	4.84
4216	4.49
4217	3.71
4218	3.14
4219	2.50
4220	2.19
4221	2.19
4222	1.48
4223	2.07
4224	2.49
4225	2.48
4226	2.23
4227	2.75
4228	2.88
4229	2.70
4230	2.53
4231	2.66
4232	3.26
4233	2.48
4234	2.30
4235	1.66
4236	1.34
4237	1.19
4238	1.13
4239	1.18
4240	2.70
4241	4.04
4242	4.29
4243	3.89
4244	3.32
4245	3.19
4246	2.55
4247	2.49
4248	2.13
4249	2.13
4250	1.77
4251	1.71
4252	1.49
4253	1.33
4254	1.96
4255	1.81
4256	1.92
4257	2.20
4258	2.07
4259	2.07
4260	2.12
4261	2.13
4262	2.05
4263	2.05
4264	2.48
4265	2.27
4266	2.17
4267	1.87
4268	1.96
4269	2.08
4270	1.97
4271	2.30
4272	2.06
4273	1.94
4274	1.70
4275	1.59
4276	1.56
4277	1.61
4278	1.49
4279	1.33
4280	1.87
4281	2.26
4282	1.97
4283	1.96
4284	2.09
4285	2.26
4286	1.92
4287	1.80
4288	1.91
4289	2.02
4290	1.84
4291	1.65
4292	1.55
4293	1.70
4294	1.47
4295	1.48
4296	1.68
4297	1.54
4298	1.47
4299	1.45
4300	1.34
4301	1.36
4302	1.31
4303	1.41
4304	1.28
4305	1.17
4306	1.27
4307	1.20
4308	1.26
4309	1.77
4310	1.87
4311	1.74
4312	1.67
4313	1.46
4314	1.34
4315	1.86
4316	2.02
4317	2.07
4318	1.90
4319	2
4320	1.92
4321	1.93
4322	2.09
4323	2.14
4324	2.01
4325	2.08
4326	1.83
4327	2.21
4328	1.96
4329	1.97
4330	1.92
4331	2.12
4332	1.97
4333	2.03
4334	1.94
4335	2.03
4336	2.01
4337	2.23
4338	2.87
4339	2.60
4340	2.65
4341	2.60
4342	2.51
4343	2.52
4344	2.53
4345	2.32
4346	2.30
4347	2.30
4348	2.25
4349	2.37
4350	2.46
4351	2.50
4352	2.16
4353	2.33
4354	2.57
4355	2.60
4356	2.75
4357	2.57
4358	2.26
4359	2.24
4360	2.17
4361	1.86
4362	1.80
4363	1.87
4364	2.31
4365	2.33
4366	2.18
4367	2.22
4368	2.29
4369	1.92
4370	2.13
4371	1.82
4372	1.67
4373	1.36
4374	1.37
4375	1.71
4376	2.13
4377	1.80
4378	1.75
4379	1.79
4380	1.48
4381	1.42
4382	1.34
4383	1.25
4384	1.16
4385	1.19
4386	1.18
4387	1.22
4388	1.29
4389	1.34
4390	1.78
4391	1.98
4392	2.24
4393	1.90
4394	1.75
4395	1.88
4396	1.81
4397	1.79
4398	1.63
4399	1.38
4400	1.83
4401	3.51
4402	2.98
4403	2.85
4404	2.57
4405	2.33
4406	2.30
4407	2.20
4408	2.18
4409	2.06
4410	1.92
4411	1.94
4412	2.10
4413	1.89
4414	1.85
4415	1.88
4416	1.92
4417	2.06
4418	2.78
4419	2.65
4420	2.46
4421	2.31
4422	2.14
4423	2.26
4424	2.50
4425	2.36
4426	2.46
4427	2.57
4428	2.75
4429	2.41
4430	2.40
4431	2.45
4432	2.22
4433	2.15
4434	1.97
4435	1.91
4436	1.49
4437	1.56
4438	1.71
4439	1.98
4440	1.88
4441	1.77
4442	1.64
4443	1.41
4444	1.39
4445	1.81
4446	1.90
4447	1.66
4448	1.75
4449	1.89
4450	1.75
4451	1.87
4452	1.95
4453	2.16
4454	2.15
4455	2.16
4456	1.94
4457	2.13
4458	2.17
4459	1.98
4460	1.69
4461	1.48
4462	1.62
4463	2.04
4464	1.47
4465	1.40
4466	1.58
4467	1.59
4468	1.65
4469	1.67
4470	1.72
4471	2.36
4472	2.77
4473	2.54
4474	2.69
4475	2.62
4476	2.61
4477	2.59
4478	3
4479	2.47
4480	2.20
4481	2.04
4482	2.33
4483	1.93
4484	1.79
4485	1.83
4486	2.53
4487	2.76
4488	1.96
4489	1.67
4490	1.74
4491	2.27
4492	2.68
4493	2.57
4494	2.78
4495	2.84
4496	2.52
4497	2.53
4498	2.56
4499	2.27
4500	2.90
4501	2.30
4502	2.40
4503	1.92
4504	2.22
4505	2.18
4506	2.10
4507	1.94
4508	2.08
4509	2.07
4510	2.15
4511	2.11
4512	2.18
4513	2.12
4514	2.52
4515	2.29
4516	2.42
4517	2.31
4518	1.93
4519	1.97
4520	2.06
4521	1.83
4522	1.84
4523	1.73
4524	1.74
4525	1.69
4526	1.72
4527	1.67
4528	1.83
4529	1.56
4530	1.67
4531	1.64
4532	1.60
4533	1.58
4534	1.56
4535	1.42
4536	1.59
4537	1.55
4538	1.51
4539	1.56
4540	1.50
4541	1.65
4542	1.56
4543	1.71
4544	1.77
4545	1.57
4546	1.59
4547	1.25
4548	1.20
4549	1.27
4550	1.77
4551	1.63
4552	1.56
4553	1.45
4554	1.48
4555	1.36
4556	1.41
4557	1.53
4558	1.42
4559	1.40
4560	2.50
4561	2.67
4562	2.70
4563	2.50
4564	2.52
4565	2.28
4566	2.35
4567	2.87
4568	2.91
4569	3.14
4570	2.87
4571	2.78
4572	2.38
4573	2.61
4574	3.91
4575	2.87
4576	2.87
4577	2.91
4578	2.60
4579	2.60
4580	2.73
4581	2.81
4582	2.66
4583	2.57
4584	2.29
4585	2.16
4586	2.05
4587	1.98
4588	1.77
4589	1.60
4590	1.71
4591	1.49
4592	1.54
4593	1.65
4594	1.89
4595	1.75
4596	1.77
4597	1.45
4598	1.48
4599	1.57
4600	1.60
4601	1.43
4602	1.60
4603	1.66
4604	1.69
4605	1.47
4606	1.62
4607	1.50
4608	1.54
4609	1.34
4610	1.53
4611	1.65
4612	2.09
4613	1.83
4614	1.71
4615	1.74
4616	1.94
4617	2
4618	1.97
4619	1.85
4620	2.05
4621	2.07
4622	1.64
4623	1.74
4624	2.03
4625	1.89
4626	1.74
4627	2.15
4628	3.14
4629	2.43
4630	2.11
4631	2.09
4632	2.40
4633	2.10
4634	1.84
4635	1.92
4636	1.88
4637	1.61
4638	1.43
4639	1.55
4640	1.52
4641	1.60
4642	1.73
4643	1.79
4644	1.49
4645	1.35
4646	1.17
4647	1.27
4648	1.15
4649	1.38
4650	1.71
4651	2.29
4652	2.90
4653	2.55
4654	2.69
4655	3.30
4656	3.59
4657	3.03
4658	2.54
4659	2.77
4660	2.23
4661	1.87
4662	1.84
4663	1.71
4664	1.82
4665	1.63
4666	1.40
4667	1.16
4668	1.02
4669	0.950
4670	1.02
4671	1.12
4672	1.37
4673	1.30
4674	1.67
4675	1.77
4676	2.44
4677	3.02
4678	3.95
4679	3.46
4680	2.87
4681	2.44
4682	2.17
4683	2.01
4684	1.73
4685	1.37
4686	1.33
4687	1.35
4688	1.44
4689	1.22
4690	1.11
4691	1.11
4692	1.18
4693	1.31
4694	1.14
4695	1.23
4696	1.24
4697	1.28
4698	1.27
4699	1.77
4700	2.22
4701	2.06
4702	1.85
4703	1.57
4704	1.69
4705	1.96
4706	1.45
4707	1.38
4708	1.51
4709	1.56
4710	1.54
4711	1.52
4712	1.91
4713	2.01
4714	1.75
4715	1.35
4716	1.56
4717	1.42
4718	1.76
4719	1.71
4720	2.09
4721	2.25
4722	2.60
4723	2.02
4724	2.32
4725	2.45
4726	3.03
4727	4.53
4728	5
4729	5.10
4730	4
4731	4.25
4732	4.01
4733	3.63
4734	3.47
4735	3.09
4736	2.98
4737	2.61
4738	2.42
4739	2.36
4740	2.36
4741	2.22
4742	2.30
4743	2.17
4744	2.31
4745	2.13
4746	1.81
4747	2.38
4748	2.61
4749	2.68
4750	2.98
4751	2.36
4752	2.57
4753	2.46
4754	2.32
4755	2.16
4756	2.41
4757	2.42
4758	2.44
4759	2.36
4760	2.28
4761	2.67
4762	2.42
4763	1.91
4764	1.90
4765	1.96
4766	1.76
4767	1.46
4768	1.48
4769	1.27
4770	1.34
4771	0.990
4772	0.980
4773	0.980
4774	0.880
4775	1.06
4776	1.12
4777	1.20
4778	1.30
4779	1.31
4780	1.65
4781	1.64
4782	1.67
4783	1.49
4784	1.51
4785	1.53
4786	1.65
4787	2.39
4788	2.29
4789	2.20
4790	2.38
4791	1.97
4792	1.82
4793	1.55
4794	1.74
4795	1.60
4796	1.53
4797	2.33
4798	2.07
4799	2.32
4800	2.23
4801	1.86
4802	1.98
4803	2.29
4804	2.31
4805	2.91
4806	2.94
4807	3.39
4808	2.95
4809	2.63
4810	2.57
4811	2.65
4812	2.67
4813	2.46
4814	2.65
4815	2.51
4816	2.34
4817	2.53
4818	2.43
4819	1.93
4820	2.14
4821	2.23
4822	1.91
4823	1.81
4824	1.70
4825	1.38
4826	1.50
4827	1.43
4828	1.62
4829	1.59
4830	1.91
4831	2.31
4832	2.76
4833	2.14
4834	2.03
4835	1.82
4836	1.84
4837	1.64
4838	1.64
4839	1.49
4840	1.45
4841	1.80
4842	2.54
4843	2.99
4844	3.22
4845	3.82
4846	3.23
4847	3.61
4848	3.16
4849	2.48
4850	2.09
4851	2.03
4852	1.52
4853	1.33
4854	1.27
4855	1.08
4856	1.18
4857	1.44
4858	1.33
4859	1.41
4860	1.37
4861	1.54
4862	2.10
4863	2.13
4864	2.21
4865	2.58
4866	2.32
4867	2.44
4868	2.73
4869	2.58
4870	2.72
4871	2.42
4872	2.07
4873	2.09
4874	1.81
4875	1.81
4876	1.53
4877	1.36
4878	1.26
4879	1.18
4880	1.12
4881	1.12
4882	1.22
4883	1.97
4884	1.28
4885	1.46
4886	1.13
4887	1.07
4888	0.980
4889	1.09
4890	1.20
4891	1.27
4892	1.25
4893	1.10
4894	1.05
4895	1.79
4896	1.74
4897	1.84
4898	1.57
4899	1.32
4900	1.35
4901	1.22
4902	1.17
4903	1.08
4904	1.12
4905	1.19
4906	1.14
4907	1.28
4908	1.19
4909	1.19
4910	1.28
4911	1.36
4912	1.36
4913	1.40
4914	1.38
4915	1.28
4916	1.27
4917	1.33
4918	1.28
4919	1.17
4920	1.02
4921	1.02
4922	1.16
4923	0.950
4924	1.13
4925	1.83
4926	1.73
4927	1.88
4928	1.92
4929	1.77
4930	1.77
4931	1.85
4932	2.11
4933	2
4934	2.02
4935	2.32
4936	2.02
4937	2.51
4938	2.20
4939	2.37
4940	2.26
4941	2
4942	1.50
4943	1.52
4944	1.30
4945	1.05
4946	1.06
4947	0.990
4948	0.980
4949	0.890
4950	0.950
4951	0.910
4952	0.890
4953	0.960
4954	1.01
4955	0.910
4956	1.22
4957	1.11
4958	1.15
4959	1.13
4960	1.17
4961	1.24
4962	1.22
4963	0.940
4964	1.02
4965	0.970
4966	1.14
4967	1.27
4968	1.24
4969	1.15
4970	1.35
4971	1.37
4972	1.30
4973	1.39
4974	1.25
4975	1.55
4976	1.41
4977	1.13
4978	1.01
4979	0.910
4980	0.940
4981	1.13
4982	0.970
4983	0.970
4984	1.20
4985	1.22
4986	1.33
4987	1.61
4988	1.57
4989	1.27
4990	1.15
4991	1.13
4992	1.32
4993	1.51
4994	1.37
4995	1.99
4996	1.86
4997	1.51
4998	1.94
4999	1.90
5000	1.86
5001	1.77
5002	1.72
5003	1.52
5004	1.59
5005	1.58
5006	1.54
5007	1.52
5008	1.52
5009	1.30
5010	1.46
5011	1.44
5012	1.44
5013	1.37
5014	1.48
5015	1.50
5016	1.49
5017	1.37
5018	1.27
5019	1.22
5020	1.29
5021	1.14
5022	1.04
5023	0.980
5024	0.960
5025	0.910
5026	0.980
5027	0.850
5028	0.930
5029	0.820
5030	0.760
5031	0.730
5032	0.790
5033	0.840
5034	0.800
5035	0.810
5036	0.790
5037	0.640
5038	0.670
5039	0.730
5040	0.640
5041	0.630
5042	0.690
5043	0.650
5044	0.750
5045	0.730
5046	0.810
5047	0.830
5048	0.890
5049	0.800
5050	0.890
5051	0.850
5052	0.890
5053	0.930
5054	0.880
5055	0.860
5056	0.980
5057	0.970
5058	0.980
5059	1.02
5060	1.05
5061	0.940
5062	0.970
5063	1.01
5064	0.860
5065	0.820
5066	0.790
5067	0.850
5068	0.830
5069	0.800
5070	0.890
5071	0.850
5072	0.990
5073	0.980
5074	1.14
5075	1.14
5076	1.05
5077	0.850
5078	1.16
5079	1.19
5080	1.25
5081	1.33
5082	1.34
5083	1.22
5084	1.27
5085	1.21
5086	1.12
5087	1.11
5088	1.23
5089	1.09
5090	1.07
5091	1.09
5092	1.02
5093	1.09
5094	1.12
5095	1.14
5096	1.17
5097	1.12
5098	1.22
5099	1.08
5100	1.14
5101	1.15
5102	1.12
5103	1.09
5104	1.03
5105	1.01
5106	0.910
5107	0.930
5108	0.910
5109	0.900
5110	0.940
5111	0.830
5112	0.900
5113	1.01
5114	1.05
5115	1.09
5116	0.940
5117	0.970
5118	0.870
5119	0.900
5120	0.810
5121	0.750
5122	0.690
5123	0.740
5124	0.700
5125	0.720
5126	0.730
5127	0.930
5128	1.03
5129	1.02
5130	1.14
5131	1.41
5132	2.22
5133	1.74
5134	1.59
5135	1.36
5136	1.50
5137	1.43
5138	1.33
5139	1.14
5140	1.18
5141	0.980
5142	1.17
5143	1.13
5144	1.17
5145	1.15
5146	1.17
5147	1.12
5148	1.09
5149	1.07
5150	1.20
5151	1.07
5152	1.12
5153	1.25
5154	1.19
5155	1.31
5156	1.19
5157	1.38
5158	1.35
5159	1.68
5160	1.55
5161	1.45
5162	1.57
5163	1.79
5164	1.80
5165	1.47
5166	1.39
5167	1.64
5168	1.63
5169	1.95
5170	1.55
5171	1.65
5172	1.71
5173	1.58
5174	1.37
5175	1.68
5176	1.51
5177	1.47
5178	1.42
5179	1.48
5180	1.41
5181	1.38
5182	1.31
5183	1.27
5184	1.20
5185	1.11
5186	0.980
5187	1.04
5188	0.930
5189	0.930
5190	1.02
5191	0.960
5192	1.01
5193	0.900
5194	0.800
5195	0.720
5196	0.720
5197	0.700
5198	0.790
5199	0.810
5200	0.780
5201	0.760
5202	0.770
5203	0.790
5204	0.860
5205	0.910
5206	0.920
5207	1.05
5208	1.04
5209	1.10
5210	1.15
5211	1.07
5212	1.08
5213	1.14
5214	1.03
5215	1.03
5216	1
5217	1.07
5218	0.970
5219	0.990
5220	0.990
5221	0.990
5222	1.18
5223	1.21
5224	1.03
5225	1.01
5226	1
5227	1.06
5228	1.01
5229	1.11
5230	1.12
5231	1.05
5232	0.960
5233	0.990
5234	1.06
5235	0.990
5236	1.07
5237	1.11
5238	1.03
5239	1
5240	1.11
5241	1.27
5242	1.32
5243	1.47
5244	1.49
5245	1.34
5246	1.31
5247	1.33
5248	1.18
5249	1.13
5250	0.960
5251	1.06
5252	1.11
5253	1.05
5254	1.11
5255	1.12
5256	1.29
5257	1.11
5258	1.10
5259	1
5260	1.08
5261	1.10
5262	1.10
5263	1.15
5264	1.13
5265	0.950
5266	0.950
5267	0.900
5268	0.920
5269	0.970
5270	0.870
5271	0.870
5272	1.06
5273	0.990
5274	0.920
5275	0.940
5276	1
5277	0.890
5278	0.850
5279	0.890
5280	0.900
5281	1.04
5282	0.950
5283	1.07
5284	1.17
5285	1.15
5286	0.990
5287	1.09
5288	1.03
5289	0.970
5290	1.12
5291	1.13
5292	1.12
5293	1.11
5294	1.08
5295	1.02
5296	0.930
5297	0.920
5298	0.870
5299	0.900
5300	0.800
5301	0.890
5302	0.890
5303	0.990
5304	1.01
5305	1.04
5306	1.07
5307	0.980
5308	0.960
5309	0.910
5310	0.790
5311	0.750
5312	0.790
5313	0.740
5314	0.700
5315	0.800
5316	1.02
5317	0.960
5318	0.910
5319	0.940
5320	1.30
5321	1.31
5322	1.66
5323	1.39
5324	1.33
5325	1.22
5326	1.29
5327	1.19
5328	1.14
5329	1.15
5330	1.41
5331	2.07
5332	2.36
5333	2.41
5334	2.47
5335	2.74
5336	2.54
5337	2.93
5338	2.92
5339	2.83
5340	2.27
5341	1.77
5342	1.62
5343	1.53
5344	1.39
5345	1.54
5346	1.47
5347	1.71
5348	1.53
5349	1.54
5350	1.43
5351	1.35
5352	1.39
5353	1.18
5354	1.03
5355	1.12
5356	1.16
5357	1.18
5358	1.06
5359	1.34
5360	1.40
5361	1.46
5362	1.48
5363	1.15
5364	1.20
5365	1.22
5366	1.10
5367	1.02
5368	0.880
5369	0.830
5370	0.830
5371	0.720
5372	0.700
5373	0.690
5374	0.790
5375	0.810
5376	0.800
5377	0.820
5378	0.790
5379	0.800
5380	0.780
5381	0.700
5382	0.760
5383	0.690
5384	0.730
5385	0.660
5386	0.750
5387	0.710
5388	0.670
5389	0.710
5390	0.730
5391	0.680
5392	0.690
5393	0.610
5394	0.730
5395	0.810
5396	0.750
5397	0.740
5398	0.950
5399	1.07
5400	0.990
5401	0.720
5402	0.680
5403	0.700
5404	0.730
5405	0.780
5406	0.790
5407	0.790
5408	0.760
5409	0.790
5410	0.900
5411	0.900
5412	1.08
5413	1.30
5414	1.41
5415	1.81
5416	1.80
5417	2.42
5418	3.10
5419	2.74
5420	1.89
5421	1.59
5422	1.83
5423	1.73
5424	1.56
5425	1.31
5426	1.34
5427	1.15
5428	1.13
5429	1.02
5430	1.05
5431	1.23
5432	1.25
5433	1.33
5434	1.23
5435	1.12
5436	1.12
5437	1.15
5438	1.43
5439	1.58
5440	1.69
5441	1.55
5442	1.61
5443	1.56
5444	1.54
5445	1.60
5446	1.87
5447	1.67
5448	1.50
5449	1.50
5450	1.66
5451	1.44
5452	1.38
5453	1.40
5454	1.76
5455	1.70
5456	1.55
5457	1.53
5458	1.59
5459	1.60
5460	1.58
5461	1.76
5462	1.80
5463	1.57
5464	1.56
5465	1.63
5466	1.26
5467	1.16
5468	1.04
5469	0.960
5470	0.980
5471	1.04
5472	1.13
5473	1.04
5474	1.06
5475	1.09
5476	1.06
5477	1
5478	1.25
5479	1.31
5480	1.55
5481	1.81
5482	1.77
5483	2
5484	2.44
5485	2.16
5486	1.76
5487	1.54
5488	1.58
5489	1.58
5490	1.43
5491	1.45
5492	1.83
5493	1.63
5494	1.70
5495	2.12
5496	2.43
5497	2.02
5498	1.62
5499	1.57
5500	1.63
5501	1.43
5502	1.21
5503	1.30
5504	1.48
5505	1.37
5506	1.35
5507	1.40
5508	1.41
5509	1.51
5510	1.55
5511	1.71
5512	1.81
5513	2.20
5514	2.08
5515	2.79
5516	3.22
5517	3.56
5518	3.54
5519	4.23
5520	4.79
5521	3.15
5522	3.14
5523	2.88
5524	2.67
5525	2.62
5526	2.24
5527	2.81
5528	2.33
5529	2.84
5530	3.02
5531	2.59
5532	2.82
5533	3.13
5534	2.88
5535	2.73
5536	2.80
5537	3.20
5538	3.28
5539	3.11
5540	3.17
5541	2.83
5542	3.86
5543	4.03
5544	5.09
5545	3.88
5546	3.43
5547	2.79
5548	2.09
5549	2.44
5550	1.95
5551	2.41
5552	1.99
5553	1.62
5554	1.56
5555	1.94
5556	1.65
5557	1.51
5558	1.46
5559	1.77
5560	1.60
5561	1.56
5562	1.80
5563	1.44
5564	1.17
5565	0.990
5566	1.01
5567	1.09
5568	1.10
5569	1.02
5570	0.970
5571	1.09
5572	1.16
5573	1.79
5574	2.29
5575	1.92
5576	1.84
5577	2.10
5578	2.19
5579	2.24
5580	2.17
5581	2.44
5582	2.08
5583	1.56
5584	1.40
5585	1.35
5586	1.29
5587	1.53
5588	1.86
5589	1.96
5590	2.24
5591	2.27
5592	1.95
5593	2.08
5594	2.01
5595	2.27
5596	1.95
5597	1.72
5598	1.94
5599	2.07
5600	1.69
5601	1.67
5602	1.68
5603	1.61
5604	1.36
5605	1.17
5606	1.26
5607	1.44
5608	1.61
5609	1.39
5610	3.66
5611	3.68
5612	3.04
5613	2.55
5614	3.12
5615	2.93
5616	3.01
5617	3.62
5618	4.27
5619	3.74
5620	3.14
5621	2.80
5622	2.41
5623	2.27
5624	2.09
5625	2.08
5626	1.97
5627	1.93
5628	1.90
5629	1.78
5630	1.58
5631	1.55
5632	1.41
5633	1.33
5634	1.83
5635	1.78
5636	2.24
5637	2.08
5638	1.91
5639	1.71
5640	1.51
5641	1.28
5642	1.24
5643	1.14
5644	1.16
5645	1.14
5646	1.02
5647	1.36
5648	1.39
5649	1.37
5650	1.42
5651	1.62
5652	1.61
5653	1.33
5654	1.30
5655	1.17
5656	1.14
5657	1.03
5658	0.930
5659	1.06
5660	1.24
5661	1.29
5662	1.41
5663	1.35
5664	1.90
5665	2.32
5666	2.43
5667	2.19
5668	2.14
5669	1.95
5670	1.97
5671	1.82
5672	1.58
5673	1.48
5674	1.68
5675	1.56
5676	1.49
5677	1.48
5678	1.26
5679	1.46
5680	1.82
5681	1.95
5682	2.27
5683	1.91
5684	1.70
5685	1.75
5686	1.70
5687	1.95
5688	2.18
5689	2.74
5690	2.92
5691	2.74
5692	2.67
5693	2.45
5694	2.14
5695	2.12
5696	2.03
5697	2
5698	1.88
5699	1.90
5700	2.02
5701	2.31
5702	2.51
5703	2.05
5704	1.97
5705	2.16
5706	2.18
5707	2.17
5708	2.05
5709	2.02
5710	1.97
5711	1.70
5712	1.70
5713	1.74
5714	1.76
5715	2.06
5716	2.38
5717	3.13
5718	2.97
5719	2.79
5720	2.76
5721	2.42
5722	2.67
5723	2.15
5724	2.07
5725	2.15
5726	2.39
5727	2.45
5728	3.41
5729	3.18
5730	3.05
5731	3.12
5732	3.07
5733	3.15
5734	2.99
5735	2.68
5736	2.49
5737	2.54
5738	2.65
5739	2.70
5740	2.68
5741	3.10
5742	3.02
5743	2.97
5744	2.84
5745	3
5746	3.18
5747	2.97
5748	2.66
5749	2.67
5750	2.63
5751	2.36
5752	2.35
5753	2.28
5754	3.24
5755	3.66
5756	4.73
5757	5.01
5758	4.24
5759	3.67
5760	3.25
5761	3.01
5762	3.01
5763	2.45
5764	2.36
5765	2.49
5766	2.51
5767	2.29
5768	2.41
5769	2.20
5770	2.33
5771	2.34
5772	2.17
5773	2.20
5774	2.02
5775	1.82
5776	1.80
5777	1.90
5778	2.47
5779	2.23
5780	1.91
5781	2.15
5782	2.12
5783	2.09
5784	2.06
5785	1.79
5786	2.16
5787	1.87
5788	1.60
5789	1.48
5790	1.53
5791	1.33
5792	1.38
5793	1.22
5794	1.54
5795	1.61
5796	1.46
5797	1.26
5798	1.49
5799	1.53
5800	1.41
5801	1.26
5802	1.47
5803	1.66
5804	1.59
5805	1.28
5806	1.30
5807	1.16
5808	1.09
5809	1.01
5810	1.08
5811	1.08
5812	0.990
5813	0.960
5814	1.01
5815	1.20
5816	1.15
5817	1.16
5818	1.23
5819	1.34
5820	1.32
5821	1.43
5822	1.58
5823	1.96
5824	1.63
5825	2.52
5826	2.89
5827	3.17
5828	2.80
5829	2.98
5830	2.73
5831	2.45
5832	2.22
5833	2.15
5834	1.82
5835	1.59
5836	1.46
5837	1.20
5838	1.26
5839	1.18
5840	1.18
5841	1.05
5842	1.02
5843	0.980
5844	0.960
5845	0.990
5846	1.13
5847	1.12
5848	1.62
5849	1.54
5850	1.55
5851	1.68
5852	1.40
5853	1.52
5854	1.76
5855	1.64
5856	1.60
5857	1.79
5858	2.12
5859	1.95
5860	2.10
5861	2.06
5862	2.18
5863	1.78
5864	1.98
5865	1.71
5866	1.71
5867	1.64
5868	1.53
5869	1.52
5870	1.40
5871	1.63
5872	1.97
5873	2.35
5874	1.87
5875	1.84
5876	2.13
5877	2.17
5878	2.47
5879	3.41
5880	3.87
5881	3.50
5882	3.15
5883	2.46
5884	2.07
5885	2.11
5886	2.36
5887	2.13
5888	1.90
5889	2.02
5890	2.22
5891	2.47
5892	2.31
5893	2.44
5894	2.33
5895	2.43
5896	2.35
5897	2.38
5898	2.02
5899	2.20
5900	2.32
5901	2.28
5902	2.41
5903	2.37
5904	1.97
5905	2.07
5906	2.18
5907	1.92
5908	2.45
5909	2.35
5910	2.16
5911	1.92
5912	2.06
5913	2.58
5914	2.67
5915	2.83
5916	3.23
5917	2.93
5918	2.80
5919	2.45
5920	2.19
5921	1.97
5922	1.63
5923	1.89
5924	1.95
5925	2.02
5926	2.62
5927	2.24
5928	2.04
5929	1.88
5930	1.67
5931	1.48
5932	1.40
5933	1.58
5934	1.35
5935	1.53
5936	1.40
5937	1.37
5938	1.65
5939	1.77
5940	1.69
5941	1.76
5942	1.73
5943	1.93
5944	1.71
5945	1.37
5946	1.35
5947	1.83
5948	1.88
5949	1.98
5950	2.76
5951	2.54
5952	3.17
5953	3.02
5954	2.75
5955	3.21
5956	3.60
5957	3.18
5958	3.16
5959	3.24
5960	2.91
5961	2.79
5962	2.54
5963	2.59
5964	2.48
5965	2.53
5966	2.27
5967	2.06
5968	2.02
5969	2.74
5970	3.48
5971	5.07
5972	5.09
5973	4.21
5974	4.30
5975	3.66
5976	3.47
5977	3.15
5978	2.44
5979	2.02
5980	1.90
5981	1.71
5982	1.51
5983	1.59
5984	2.30
5985	2.75
5986	2.65
5987	2.15
5988	1.82
5989	1.91
5990	2.18
5991	1.89
5992	1.91
5993	2.08
5994	2.22
5995	3.25
5996	3.36
5997	3.19
5998	2.77
5999	2.25
6000	2.11
6001	2.10
6002	1.84
6003	1.70
6004	1.65
6005	1.49
6006	1.57
6007	1.47
6008	1.78
6009	2.78
6010	4.23
6011	2.75
6012	3.73
6013	5.69
6014	7.19
6015	5.02
6016	4.62
6017	3.98
6018	3.57
6019	3.36
6020	2.77
6021	2.26
6022	1.99
6023	1.86
6024	1.96
6025	2.64
6026	2.92
6027	2.40
6028	2.18
6029	2.09
6030	3.09
6031	4.77
6032	5.52
6033	5.78
6034	4.93
6035	4.09
6036	4.04
6037	3.04
6038	2.49
6039	2.12
6040	1.74
6041	1.62
6042	1.57
6043	1.88
6044	2.10
6045	2.07
6046	2.21
6047	2.25
6048	2.07
6049	3.45
6050	3.38
6051	3.30
6052	3.41
6053	3.69
6054	3.30
6055	3.38
6056	2.85
6057	2.42
6058	2.17
6059	2.04
6060	1.94
6061	2.05
6062	2.11
6063	2
6064	1.76
6065	1.47
6066	1.55
6067	1.75
6068	2.36
6069	1.85
6070	2.01
6071	1.70
6072	1.79
6073	1.64
6074	1.74
6075	1.44
6076	1.32
6077	1.32
6078	1.36
6079	1.51
6080	1.49
6081	1.57
6082	1.77
6083	1.75
6084	1.74
6085	1.71
6086	1.92
6087	2.15
6088	1.98
6089	2.02
6090	1.99
6091	1.68
6092	1.90
6093	1.62
6094	1.66
6095	2.15
6096	2.08
6097	2.57
6098	2.39
6099	1.85
6100	1.68
6101	1.40
6102	1.26
6103	1.18
6104	1.26
6105	1.20
6106	1.20
6107	1.29
6108	1.15
6109	1.33
6110	1.65
6111	1.67
6112	1.40
6113	1.44
6114	1.47
6115	1.41
6116	1.30
6117	1.47
6118	1.46
6119	1.42
6120	1.52
6121	1.64
6122	1.50
6123	1.44
6124	1.44
6125	1.19
6126	1.33
6127	1.24
6128	1.28
6129	1.24
6130	1.04
6131	1.26
6132	2.03
6133	2.17
6134	2.89
6135	2.91
6136	2.57
6137	2.55
6138	2.36
6139	2.33
6140	1.91
6141	1.58
6142	1.39
6143	1.31
6144	1.36
6145	1.57
6146	2.44
6147	3.39
6148	3.23
6149	2.80
6150	2.63
6151	2.16
6152	2.14
6153	1.92
6154	1.76
6155	1.66
6156	2.37
6157	3.83
6158	3.51
6159	3.56
6160	2.94
6161	2.61
6162	2.43
6163	1.93
6164	1.84
6165	1.41
6166	1.19
6167	1
6168	0.910
6169	0.970
6170	1.20
6171	1.43
6172	1.49
6173	1.57
6174	1.36
6175	1.43
6176	1.25
6177	1.50
6178	1.53
6179	1.37
6180	1.81
6181	2.54
6182	2.23
6183	1.90
6184	1.90
6185	2.04
6186	1.87
6187	1.84
6188	1.94
6189	1.87
6190	2.18
6191	2.03
6192	2.64
6193	2.06
6194	2.02
6195	2.03
6196	1.87
6197	1.63
6198	1.92
6199	3.11
6200	3.45
6201	3.43
6202	2.98
6203	2.24
6204	2.07
6205	2.09
6206	1.72
6207	1.23
6208	1.52
6209	1.51
6210	1.39
6211	1.22
6212	1.29
6213	1.96
6214	1.99
6215	2.30
6216	2.11
6217	1.95
6218	1.96
6219	1.89
6220	1.85
6221	1.69
6222	1.65
6223	1.49
6224	1.58
6225	1.60
6226	1.74
6227	1.51
6228	2.10
6229	2.16
6230	1.88
6231	2.02
6232	1.98
6233	1.78
6234	1.84
6235	1.79
6236	1.54
6237	1.72
6238	1.64
6239	1.54
6240	1.45
6241	1.38
6242	1.27
6243	1.18
6244	1.37
6245	1.22
6246	1.18
6247	1.24
6248	1.26
6249	1.34
6250	1.40
6251	1.28
6252	1.11
6253	1.12
6254	1.07
6255	1
6256	1.08
6257	1.02
6258	1.18
6259	1.28
6260	1.36
6261	1.62
6262	1.93
6263	1.62
6264	1.70
6265	1.79
6266	1.60
6267	1.50
6268	1.27
6269	1.24
6270	2.27
6271	2.93
6272	3.20
6273	2.79
6274	2.52
6275	2.58
6276	2.38
6277	2.07
6278	1.93
6279	1.48
6280	1.39
6281	1.33
6282	1.14
6283	1.07
6284	0.940
6285	1.17
6286	1.13
6287	1.24
6288	1.34
6289	1.49
6290	1.45
6291	1.42
6292	1.87
6293	1.99
6294	2.06
6295	1.93
6296	1.79
6297	2.02
6298	1.88
6299	1.80
6300	1.38
6301	1.26
6302	1.23
6303	1.56
6304	2.15
6305	2.05
6306	2.85
6307	2.25
6308	2.10
6309	2.32
6310	2.85
6311	2.99
6312	2.27
6313	2.23
6314	2.47
6315	2.57
6316	2.11
6317	1.88
6318	1.88
6319	1.69
6320	2.37
6321	2.54
6322	2.21
6323	2.63
6324	2.61
6325	2.43
6326	2.37
6327	2.15
6328	2.39
6329	2.04
6330	1.80
6331	1.91
6332	2.08
6333	2.05
6334	1.98
6335	1.72
6336	1.72
6337	2.43
6338	1.92
6339	1.89
6340	2.04
6341	1.70
6342	1.47
6343	1.61
6344	1.65
6345	1.72
6346	1.65
6347	1.43
6348	1.33
6349	1.40
6350	1.56
6351	1.57
6352	1.47
6353	1.23
6354	1.38
6355	1.24
6356	1.14
6357	1.09
6358	1.13
6359	1.19
6360	1.13
6361	1.14
6362	1.30
6363	1.33
6364	1.39
6365	1.55
6366	1.62
6367	1.73
6368	1.88
6369	1.84
6370	1.77
6371	1.82
6372	1.76
6373	1.47
6374	1.52
6375	1.42
6376	1.46
6377	1.43
6378	1.41
6379	1.44
6380	1.52
6381	1.40
6382	1.28
6383	1.50
6384	1.63
6385	1.58
6386	1.52
6387	1.57
6388	1.94
6389	2.51
6390	2.17
6391	2
6392	1.69
6393	1.49
6394	1.41
6395	1.39
6396	1.36
6397	1.41
6398	1.33
6399	1.11
6400	1.71
6401	1.66
6402	1.34
6403	1.33
6404	1.16
6405	1.27
6406	1.06
6407	1.02
6408	0.950
6409	0.890
6410	0.810
6411	0.710
6412	0.780
6413	0.790
6414	0.780
6415	0.740
6416	0.750
6417	0.670
6418	0.790
6419	1.12
6420	1.17
6421	1.14
6422	1.08
6423	1.02
6424	1.24
6425	1.24
6426	1.66
6427	1.91
6428	1.89
6429	2.41
6430	2.44
6431	2.39
6432	2.09
6433	1.86
6434	1.83
6435	1.70
6436	1.95
6437	1.88
6438	2.21
6439	2.18
6440	1.94
6441	1.72
6442	1.84
6443	1.43
6444	1.47
6445	1.29
6446	1.49
6447	1.46
6448	1.48
6449	1.40
6450	1.34
6451	1.24
6452	1.27
6453	1.26
6454	1.25
6455	1.10
6456	1.09
6457	1.07
6458	1.06
6459	1.21
6460	1.61
6461	1.89
6462	1.85
6463	1.84
6464	2.12
6465	2.04
6466	1.95
6467	1.60
6468	1.64
6469	1.48
6470	1.27
6471	1.16
6472	1.38
6473	1.64
6474	1.38
6475	1.44
6476	1.53
6477	1.25
6478	1.27
6479	1.25
6480	1.28
6481	1.31
6482	1.22
6483	1.52
6484	1.49
6485	1.28
6486	1.19
6487	1.13
6488	1.05
6489	1.01
6490	0.990
6491	0.940
6492	0.970
6493	0.940
6494	0.980
6495	1
6496	0.960
6497	1.09
6498	1.06
6499	1.14
6500	1.14
6501	1.17
6502	1.32
6503	1.12
6504	1.19
6505	1.13
6506	1.15
6507	1.18
6508	1.05
6509	1
6510	1.06
6511	1.01
6512	0.860
6513	0.930
6514	0.840
6515	0.850
6516	0.860
6517	0.890
6518	0.860
6519	0.910
6520	0.940
6521	0.970
6522	0.920
6523	1.01
6524	1.05
6525	1.07
6526	1.06
6527	1.21
6528	1.10
6529	1.09
6530	0.970
6531	0.990
6532	1.02
6533	0.980
6534	1.05
6535	0.970
6536	1.07
6537	1.05
6538	1.02
6539	1.03
6540	0.960
6541	1.10
6542	1.22
6543	1.08
6544	1.04
6545	1.02
6546	1.03
6547	0.980
6548	1.07
6549	0.950
6550	0.960
6551	1.10
6552	1.09
6553	1.16
6554	1.27
6555	1.13
6556	0.990
6557	0.920
6558	1.07
6559	0.980
6560	1.03
6561	0.980
6562	1.05
6563	1
6564	0.990
6565	0.900
6566	1.02
6567	1.19
6568	1.21
6569	1.18
6570	1.34
6571	1.28
6572	1.20
6573	1.23
6574	1.16
6575	1.20
6576	1.07
6577	1.12
6578	1.06
6579	1.03
6580	1.19
6581	1.03
6582	1.05
6583	1.09
6584	1.13
6585	1.14
6586	1.21
6587	1.28
6588	1.27
6589	1.30
6590	1.18
6591	1.29
6592	1.18
6593	1.20
6594	1.22
6595	1.33
6596	1.19
6597	1.15
6598	1.17
6599	1.06
6600	1.09
6601	1.07
6602	0.980
6603	0.930
6604	0.940
6605	0.920
6606	1.02
6607	1.01
6608	0.970
6609	0.960
6610	0.920
6611	0.890
6612	0.970
6613	0.940
6614	0.970
6615	0.980
6616	1.01
6617	1.11
6618	1.03
6619	1.02
6620	0.910
6621	0.860
6622	0.900
6623	0.890
6624	0.860
6625	0.910
6626	0.890
6627	1.04
6628	1.22
6629	1.02
6630	1.02
6631	1.08
6632	0.930
6633	1.09
6634	1.02
6635	1.09
6636	1.12
6637	1.20
6638	0.980
6639	1.09
6640	0.990
6641	0.970
6642	0.920
6643	0.800
6644	0.810
6645	0.820
6646	0.780
6647	0.750
6648	0.740
6649	0.860
6650	0.830
6651	0.890
6652	0.910
6653	0.930
6654	0.940
6655	0.980
6656	0.950
6657	1.13
6658	1.12
6659	1.40
6660	1.55
6661	1.54
6662	1.47
6663	1.33
6664	1.40
6665	1.23
6666	1.21
6667	1.40
6668	1.44
6669	1.41
6670	1.39
6671	1.36
6672	1.38
6673	1.16
6674	1.06
6675	0.990
6676	0.870
6677	0.790
6678	0.810
6679	0.840
6680	0.780
6681	0.830
6682	0.950
6683	1.08
6684	1.32
6685	1.31
6686	1.15
6687	1.24
6688	1.17
6689	1.19
6690	1.14
6691	1.08
6692	1.17
6693	1.20
6694	1.24
6695	1.15
6696	1.09
6697	1
6698	1.17
6699	1.06
6700	1.18
6701	1.24
6702	1.37
6703	1.53
6704	1.39
6705	1.39
6706	1.23
6707	1.21
6708	1.16
6709	1.23
6710	1.31
6711	1.32
6712	1.17
6713	1.11
6714	1.14
6715	1.20
6716	1.03
6717	1.10
6718	1.39
6719	1.41
6720	1.20
6721	0.960
6722	1.07
6723	0.890
6724	1.04
6725	1
6726	0.860
6727	0.920
6728	0.940
6729	0.910
6730	0.990
6731	1.07
6732	1.03
6733	1.03
6734	0.990
6735	0.950
6736	0.980
6737	0.870
6738	0.860
6739	0.900
6740	0.980
6741	1.01
6742	1.05
6743	1.06
6744	1
6745	1
6746	1.25
6747	1.19
6748	1.28
6749	1.34
6750	1.28
6751	1.44
6752	1.38
6753	1.35
6754	1.28
6755	1.55
6756	1.37
6757	1.33
6758	1.21
6759	1.40
6760	1.18
6761	1.08
6762	1.03
6763	0.980
6764	0.890
6765	0.930
6766	0.720
6767	0.820
6768	0.710
6769	0.740
6770	0.650
6771	0.670
6772	0.830
6773	0.870
6774	0.800
6775	0.900
6776	1.42
6777	1.70
6778	1.43
6779	1.58
6780	1.63
6781	1.49
6782	1.61
6783	1.80
6784	1.62
6785	1.36
6786	1.26
6787	1.13
6788	1.32
6789	1.28
6790	1.34
6791	1.41
6792	1.38
6793	1.44
6794	1.40
6795	1.25
6796	1.21
6797	1.41
6798	1.59
6799	1.56
6800	1.76
6801	1.94
6802	1.79
6803	1.46
6804	1.55
6805	1.47
6806	1.53
6807	1.77
6808	1.88
6809	1.38
6810	1.39
6811	1.39
6812	1.55
6813	1.23
6814	1.21
6815	1.21
6816	1.11
6817	0.970
6818	0.950
6819	1.01
6820	0.940
6821	0.940
6822	0.990
6823	0.990
6824	0.900
6825	0.860
6826	0.740
6827	0.710
6828	0.760
6829	0.890
6830	0.940
6831	1.04
6832	1.26
6833	1.24
6834	1.09
6835	1.07
6836	1.03
6837	0.920
6838	0.840
6839	0.740
6840	0.840
6841	0.890
6842	0.840
6843	1.01
6844	1.07
6845	1.09
6846	1.14
6847	1.08
6848	1.20
6849	1.20
6850	0.910
6851	0.870
6852	1.02
6853	1.19
6854	1.08
6855	0.960
6856	0.900
6857	0.800
6858	0.760
6859	0.690
6860	0.740
6861	0.680
6862	0.700
6863	0.790
6864	0.790
6865	0.890
6866	0.860
6867	0.870
6868	0.840
6869	0.840
6870	0.870
6871	0.930
6872	0.830
6873	1.02
6874	0.950
6875	0.990
6876	0.960
6877	0.940
6878	0.860
6879	0.840
6880	0.840
6881	1.13
6882	1.25
6883	1.14
6884	1.10
6885	1.20
6886	1.15
6887	1.31
6888	1.28
6889	1.12
6890	1.03
6891	1.01
6892	1.12
6893	1.27
6894	1.47
6895	1.26
6896	1.05
6897	1.13
6898	1.39
6899	1.10
6900	1.30
6901	1.24
6902	1.25
6903	1.27
6904	1.42
6905	1.77
6906	1.77
6907	1.84
6908	1.87
6909	2.11
6910	1.77
6911	1.61
6912	1.72
6913	1.77
6914	2.01
6915	1.60
6916	1.55
6917	1.52
6918	1.32
6919	1.28
6920	1.27
6921	1.43
6922	1.43
6923	1.23
6924	1.30
6925	1.85
6926	2.86
6927	3.11
6928	3.36
6929	3.02
6930	3.14
6931	3.14
6932	3.29
6933	2.87
6934	2.60
6935	2.63
6936	2.70
6937	2.50
6938	2.71
6939	2.80
6940	3.13
6941	2.99
6942	3
6943	3.06
6944	2.84
6945	2.86
6946	2.30
6947	2.17
6948	2.13
6949	2.57
6950	3.34
6951	4.65
6952	4.87
6953	4.04
6954	3.21
6955	2.64
6956	2.35
6957	2.22
6958	2.17
6959	2.04
6960	2
6961	1.77
6962	1.72
6963	1.41
6964	1.52
6965	1.11
6966	1.09
6967	1.21
6968	1.22
6969	1.07
6970	1.22
6971	1.46
6972	2.05
6973	1.74
6974	1.80
6975	1.82
6976	1.43
6977	1.26
6978	1.17
6979	1.28
6980	1.27
6981	1.25
6982	1.17
6983	1.22
6984	1.03
6985	0.940
6986	1.06
6987	1.06
6988	0.930
6989	0.920
6990	0.900
6991	1
6992	0.970
6993	0.970
6994	0.910
6995	0.960
6996	0.990
6997	1.06
6998	0.980
6999	0.910
7000	0.830
7001	0.860
7002	0.960
7003	0.980
7004	1
7005	1.12
7006	1.08
7007	1.06
7008	1.04
7009	1.15
7010	1.11
7011	1.16
7012	1.78
7013	2.59
7014	2.69
7015	3.25
7016	3.44
7017	4.01
7018	3.57
7019	3.22
7020	3.07
7021	3.05
7022	3.16
7023	2.57
7024	2.33
7025	2.39
7026	2.46
7027	2.49
7028	2.80
7029	1.89
7030	1.76
7031	1.85
7032	2.33
7033	2.04
7034	2.16
7035	2.23
7036	1.80
7037	1.59
7038	1.78
7039	1.76
7040	1.81
7041	1.63
7042	1.58
7043	1.48
7044	1.42
7045	1.44
7046	1.38
7047	1.39
7048	1.44
7049	1.61
7050	1.98
7051	2.52
7052	2.64
7053	2.12
7054	1.91
7055	1.63
7056	1.58
7057	1.65
7058	1.74
7059	1.59
7060	1.75
7061	1.33
7062	1.22
7063	1.18
7064	1.19
7065	1.19
7066	1.05
7067	1.05
7068	1.12
7069	1.06
7070	1.11
7071	1.24
7072	1.07
7073	1.08
7074	1.07
7075	1.09
7076	0.910
7077	0.860
7078	1.01
7079	0.940
7080	1.36
7081	2.09
7082	1.99
7083	2.01
7084	2.40
7085	2.65
7086	2.17
7087	2.16
7088	2.49
7089	2.09
7090	2.28
7091	2.12
7092	2.01
7093	1.84
7094	1.66
7095	1.82
7096	1.87
7097	1.75
7098	1.71
7099	1.79
7100	1.81
7101	1.98
7102	1.84
7103	1.92
7104	1.83
7105	1.51
7106	1.35
7107	1.42
7108	1.42
7109	1.43
7110	1.81
7111	1.83
7112	1.72
7113	1.92
7114	2.07
7115	1.67
7116	1.58
7117	1.94
7118	1.71
7119	1.66
7120	1.41
7121	2
7122	2.32
7123	2.22
7124	2.01
7125	1.85
7126	1.90
7127	1.77
7128	1.77
7129	1.62
7130	1.41
7131	1.43
7132	2.69
7133	2.83
7134	2.63
7135	2.21
7136	2.58
7137	2.91
7138	2.86
7139	2.94
7140	3.17
7141	3.12
7142	3.23
7143	3.30
7144	3.22
7145	3.17
7146	2.72
7147	2.72
7148	2.43
7149	2.25
7150	2.41
7151	2.25
7152	2.16
7153	1.97
7154	1.51
7155	1.58
7156	1.43
7157	2.05
7158	2.31
7159	2.36
7160	2.69
7161	3.31
7162	3.25
7163	3.47
7164	3.87
7165	3.88
7166	3.88
7167	3.38
7168	3.22
7169	3.22
7170	3.04
7171	3.38
7172	3.35
7173	3.14
7174	2.38
7175	2.21
7176	2.01
7177	2.05
7178	1.77
7179	1.66
7180	1.49
7181	1.45
7182	1.41
7183	1.28
7184	1.46
7185	1.45
7186	1.52
7187	1.62
7188	1.53
7189	1.33
7190	1.48
7191	1.60
7192	1.53
7193	1.44
7194	1.48
7195	1.32
7196	1.46
7197	1.31
7198	1.31
7199	1.64
7200	1.49
7201	1.95
7202	2.43
7203	1.97
7204	2.09
7205	1.73
7206	1.89
7207	1.69
7208	1.61
7209	1.62
7210	1.54
7211	1.56
7212	1.55
7213	1.44
7214	1.25
7215	1.24
7216	1.30
7217	1.16
7218	1.25
7219	1.63
7220	2.37
7221	2.68
7222	2.52
7223	2.21
7224	1.75
7225	1.83
7226	2.03
7227	2.59
7228	2.40
7229	2.45
7230	2.43
7231	2.35
7232	2.27
7233	2.39
7234	2.29
7235	1.70
7236	1.78
7237	1.63
7238	1.49
7239	1.35
7240	1.07
7241	1.02
7242	1.12
7243	1.05
7244	0.970
7245	0.950
7246	0.960
7247	1.21
7248	1.39
7249	2.10
7250	2.37
7251	2
7252	2.05
7253	1.71
7254	1.82
7255	1.69
7256	1.63
7257	1.45
7258	1.43
7259	1.41
7260	1.51
7261	2.30
7262	2.75
7263	2.93
7264	3.02
7265	2.92
7266	2.96
7267	2.81
7268	2.74
7269	2.59
7270	2.54
7271	2.70
7272	2.52
7273	2.58
7274	2.72
7275	2.74
7276	2.54
7277	2.56
7278	2.27
7279	2.14
7280	1.85
7281	2.09
7282	2.04
7283	1.97
7284	1.83
7285	2.22
7286	2.07
7287	1.91
7288	1.87
7289	1.89
7290	1.58
7291	1.70
7292	1.54
7293	1.51
7294	1.36
7295	1.41
7296	1.38
7297	1.50
7298	1.48
7299	1.49
7300	1.89
7301	1.99
7302	1.75
7303	1.69
