1	1.01
2	1.09
3	1.07
4	1.01
5	1.05
6	1.53
7	1.61
8	1.59
9	1.33
10	1.47
11	2.01
12	3.82
13	5.91
14	5.73
15	4.78
16	4.52
17	4.26
18	3.25
19	3.35
20	2.96
21	2.52
22	2.13
23	1.88
24	1.88
25	2.17
26	1.81
27	1.52
28	1.40
29	1.27
30	1.15
31	1.08
32	0.930
33	0.900
34	1.01
35	1.19
36	1.08
37	0.970
38	1.03
39	1
40	0.910
41	0.820
42	0.850
43	0.850
44	0.950
45	1.47
46	1.75
47	1.78
48	2.19
49	1.61
50	1.71
51	1.88
52	1.74
53	1.62
54	1.44
55	1.94
56	1.67
57	1.68
58	1.78
59	1.89
60	1.65
61	1.72
62	2.06
63	2.32
64	2.58
65	2.89
66	3.02
67	2.49
68	2.15
69	1.93
70	1.87
71	1.69
72	1.53
73	1.40
74	1.53
75	1.58
76	1.65
77	1.93
78	1.95
79	2.14
80	1.84
81	1.91
82	1.92
83	1.64
84	1.56
85	1.58
86	1.48
87	1.33
88	1.21
89	1.17
90	1.02
91	1.24
92	1.14
93	1.09
94	1.55
95	1.56
96	1.41
97	1.55
98	1.52
99	1.29
100	1.46
101	1.20
102	1.11
103	1.13
104	1.16
105	1.19
106	1.38
107	1.41
108	1.51
109	1.51
110	1.48
111	1.45
112	1.25
113	1.19
114	1.25
115	1.26
116	1.32
117	1.07
118	1
119	0.990
120	1.39
121	1.30
122	1.40
123	1.66
124	1.45
125	1.62
126	1.62
127	1.55
128	1.41
129	1.36
130	1.48
131	1.23
132	1.25
133	1.29
134	1.14
135	1.30
136	1.43
137	2.03
138	2.36
139	2.27
140	2.42
141	2.32
142	2.20
143	2.38
144	2.26
145	1.83
146	1.74
147	1.48
148	1.26
149	1.19
150	1.28
151	1.20
152	1.62
153	1.39
154	1.15
155	1.07
156	1.07
157	1.03
158	1.04
159	1.06
160	1.07
161	1.28
162	1.78
163	2.41
164	1.77
165	1.61
166	1.54
167	1.77
168	2.32
169	2.28
170	2.03
171	3.37
172	5.91
173	5.18
174	5.25
175	3.88
176	3.76
177	3.41
178	2.50
179	2.23
180	1.90
181	1.64
182	1.46
183	1.21
184	1.12
185	1.13
186	0.900
187	0.950
188	0.950
189	0.950
190	0.970
191	0.940
192	0.910
193	1.04
194	1.02
195	1
196	1.04
197	1.03
198	1.12
199	1.25
200	1.17
201	1.30
202	1.59
203	1.70
204	2
205	2.62
206	2.60
207	2.92
208	3.88
209	3.46
210	3.33
211	3.22
212	2.59
213	2.01
214	1.80
215	1.43
216	1.54
217	1.17
218	1.24
219	1.18
220	1.22
221	1.21
222	1.12
223	1.01
224	1.04
225	0.910
226	0.960
227	1.72
228	1.88
229	2.17
230	2.50
231	2.32
232	2.06
233	2.18
234	1.92
235	1.90
236	1.69
237	1.55
238	1.41
239	1.65
240	1.61
241	1.40
242	1.50
243	1.49
244	1.46
245	1.37
246	1.26
247	1.13
248	1.16
249	1.17
250	1.09
251	1.30
252	1.46
253	1.47
254	1.61
255	1.69
256	2.05
257	1.93
258	1.94
259	2.37
260	2.51
261	2.62
262	2.85
263	2.50
264	2.79
265	3.36
266	3.41
267	3.27
268	3.70
269	3.67
270	3.28
271	3.23
272	3.38
273	3.04
274	2.79
275	2.84
276	2.48
277	2.37
278	2.18
279	1.92
280	1.85
281	1.87
282	2.33
283	3.28
284	2.73
285	2.58
286	2.41
287	2.26
288	2.16
289	2.19
290	2.08
291	2.67
292	2.88
293	2.29
294	1.94
295	2.04
296	1.80
297	1.61
298	1.53
299	1.52
300	1.69
301	1.82
302	1.95
303	1.85
304	1.60
305	1.71
306	1.97
307	1.67
308	1.33
309	1.33
310	1.48
311	1.53
312	1.43
313	1.56
314	1.84
315	1.88
316	1.51
317	1.66
318	2.25
319	2.06
320	1.77
321	2.05
322	2.17
323	1.85
324	1.84
325	1.89
326	1.89
327	1.74
328	1.84
329	1.86
330	1.96
331	1.68
332	1.58
333	1.38
334	1.23
335	1.27
336	1.04
337	1.07
338	1.17
339	1.21
340	1.42
341	1.25
342	1.66
343	1.67
344	1.97
345	1.71
346	1.86
347	2.23
348	2.42
349	3.19
350	2.94
351	3.01
352	2.57
353	2.51
354	2.37
355	2.19
356	1.43
357	1.16
358	0.830
359	0.820
360	0.990
361	0.820
362	0.800
363	0.800
364	1.15
365	1.41
366	1.18
367	1.23
368	2.15
369	1.86
370	1.84
371	1.23
372	1.35
373	1.71
374	1.99
375	1.84
376	2.26
377	3.15
378	2.52
379	2.78
380	2.28
381	3.10
382	2.55
383	2.36
384	2.15
385	1.60
386	1.54
387	1.82
388	2.04
389	1.74
390	1.97
391	2.08
392	2.58
393	3.23
394	2.73
395	2.88
396	1.89
397	1.96
398	1.56
399	1.48
400	1.41
401	1.10
402	0.890
403	0.860
404	0.790
405	0.770
406	0.900
407	0.880
408	0.820
409	0.760
410	0.880
411	0.950
412	1.41
413	1.71
414	1.52
415	1.51
416	1.47
417	1.35
418	1.49
419	1.61
420	1.68
421	1.62
422	1.66
423	1.61
424	1.46
425	1.46
426	1.28
427	1.32
428	1.28
429	1.13
430	1.15
431	0.990
432	0.960
433	1.03
434	0.860
435	0.880
436	1.11
437	1.73
438	1.93
439	1.82
440	2.24
441	1.77
442	1.80
443	1.51
444	1.26
445	1.24
446	1.12
447	1.18
448	1.15
449	1.16
450	1.35
451	1.74
452	1.93
453	2.03
454	2.48
455	2.25
456	2.22
457	2.16
458	2.21
459	2.78
460	2.25
461	2.05
462	1.95
463	1.57
464	1.66
465	1.47
466	1.39
467	1.45
468	1.10
469	0.940
470	0.980
471	1.02
472	0.970
473	0.960
474	0.980
475	0.940
476	0.920
477	1.03
478	1.06
479	1.05
480	1.12
481	1.32
482	1.40
483	1.32
484	1.22
485	1.76
486	1.89500000000000
487	2.06
488	1.82
489	1.89
490	1.82500000000000
491	1.85
492	1.65666666666667
493	1.92
494	2.05
495	2.06666666666667
496	2.04666666666667
497	1.92666666666667
498	1.93333333333333
499	1.94666666666667
500	1.92333333333333
501	1.99333333333333
502	1.82
503	1.63
504	1.86333333333333
505	1.89666666666667
506	1.74666666666667
507	1.56333333333333
508	1.61666666666667
509	1.50333333333333
510	1.53333333333333
511	1.47333333333333
512	1.32
513	1.23333333333333
514	1.21666666666667
515	1.22333333333333
516	1.32
517	1.28
518	1.25666666666667
519	1.20333333333333
520	1.18
521	1.27
522	1.20666666666667
523	1.28333333333333
524	1.28666666666667
525	1.26333333333333
526	1.35
527	1.34333333333333
528	1.39
529	1.44333333333333
530	1.54666666666667
531	1.59666666666667
532	1.71666666666667
533	1.56
534	1.56333333333333
535	1.43
536	1.44666666666667
537	1.48666666666667
538	1.34333333333333
539	1.27
540	1.44666666666667
541	1.62
542	1.72
543	1.77
544	1.68
545	1.79
546	1.82
547	1.83
548	1.78
549	1.84
550	1.78
551	2.18
552	2.11
553	1.97
554	1.89
555	1.77
556	1.70
557	1.90
558	2.02
559	1.85
560	1.80
561	1.72
562	1.78
563	2.02
564	1.87
565	2.20
566	2.01
567	2.14
568	1.97
569	1.99
570	1.67
571	1.56
572	1.42
573	1.20
574	1.38
575	1.50
576	1.56
577	1.38
578	1.37
579	1.95
580	1.99
581	2.11
582	2.05
583	2.18
584	1.97
585	1.90
586	1.74
587	1.76
588	1.46
589	1.43
590	1.37
591	1.41
592	1.35
593	1.32
594	1.40
595	1.31
596	1.22
597	1.25
598	1.33
599	1.22
600	1.08
601	1.06
602	1.26
603	1.11
604	0.970
605	0.990
606	1.01
607	1.16
608	1.10
609	0.880
610	0.940
611	1.07
612	0.890
613	0.940
614	0.990
615	1.16
616	1.08
617	0.990
618	1.19
619	1.19
620	1.24
621	1.09
622	0.970
623	0.940
624	0.870
625	1.01
626	1.18
627	1.30
628	1.56
629	1.60
630	1.28
631	1.15
632	1.12
633	1.18
634	1.12
635	1.29
636	1.31
637	1.37
638	1.22
639	1.40
640	1.40
641	1.38
642	1.18
643	1.13
644	1.20
645	1.39
646	1.31
647	1.37
648	1.26
649	1.34
650	1.24
651	1.28
652	1.34
653	1.47
654	1.26
655	1.02
656	0.920
657	0.850
658	0.810
659	0.760
660	0.740
661	0.990
662	1.28
663	1.40
664	1.33
665	1.28
666	1.10
667	1.08
668	1.23
669	1.43
670	1.48
671	1.57
672	1.82
673	1.66
674	1.81
675	1.90
676	1.96
677	1.58
678	1.50
679	1.40
680	1.25
681	1.28
682	1.24
683	1.46
684	1.73
685	1.73
686	1.49
687	1.34
688	1.23
689	1.29
690	1.29
691	1.22
692	1.26
693	1.20
694	1.07
695	1.03
696	1.12
697	0.900
698	0.900
699	0.910
700	0.840
701	0.750
702	0.630
703	0.540
704	0.800
705	0.700
706	0.750
707	0.680
708	0.720
709	0.740
710	0.890
711	1.31
712	1.26
713	1.34
714	1.19
715	1.52
716	1.62
717	1.54
718	1.60
719	1.66
720	2.53
721	1.92
722	1.73
723	1.55
724	1.31
725	1.23
726	1.02
727	0.870
728	0.840
729	0.770
730	0.710
731	0.660
732	0.560
733	0.570
734	0.560
735	0.530
736	0.560
737	0.600
738	0.720
739	0.770
740	0.910
741	0.930
742	0.900
743	0.940
744	0.820
745	1.12
746	0.880
747	0.740
748	0.820
749	0.950
750	0.960
751	0.920
752	1.05
753	1.18
754	1.20
755	0.980
756	0.990
757	0.980
758	0.870
759	0.760
760	0.820
761	0.880
762	0.900
763	0.780
764	0.790
765	0.910
766	0.990
767	0.990
768	0.960
769	1.15
770	1.24
771	1.10
772	1.18
773	1.16
774	0.960
775	1.01
776	0.980
777	0.940
778	0.950
779	1.24
780	1.30
781	1.36
782	1.46
783	1.76
784	1.50
785	1.71
786	1.66
787	1.68
788	1.54
789	1.37
790	1.39
791	1.24
792	1.33
793	1.07
794	1.15
795	1.26
796	1.24
797	1.18
798	1.17
799	1.11
800	1.18
801	0.970
802	0.990
803	0.870
804	0.920
805	0.920
806	0.960
807	0.890
808	0.990
809	1.15
810	1.26
811	1.33
812	1.40
813	1.45
814	1.48
815	1.44
816	1.54
817	1.47
818	1.35
819	1.49
820	1.24
821	1.29
822	1.21
823	1.18
824	0.940
825	1
826	0.970
827	1.13
828	1.32
829	1.49
830	1.72
831	1.39
832	1.28
833	1.22
834	1.07
835	1.08
836	1.08
837	1.04
838	0.940
839	0.800
840	0.750
841	0.680
842	0.620
843	0.680
844	0.610
845	0.620
846	0.590
847	0.780
848	1.01
849	1
850	0.910
851	1.05
852	0.880
853	0.940
854	1.14
855	1.10
856	1.38
857	1.50
858	1.35
859	1.13
860	1.09
861	1.10
862	1.13
863	0.910
864	0.930
865	0.980
866	1
867	1.06
868	1.07
869	1.14
870	1.31
871	1.18
872	1.10
873	1.19
874	1.17
875	1.17
876	1.10
877	1.01
878	1.09
879	0.910
880	0.900
881	0.970
882	0.960
883	0.800
884	0.890
885	0.840
886	0.810
887	0.840
888	0.670
889	0.750
890	0.810
891	0.890
892	0.990
893	1.23
894	1.47
895	1.37
896	1.14
897	1.10
898	1.18
899	0.940
900	0.880
901	0.800
902	0.780
903	0.770
904	0.750
905	0.820
906	0.950
907	1.11
908	0.920
909	0.830
910	0.820
911	0.730
912	0.640
913	0.670
914	0.670
915	0.550
916	0.580
917	0.600
918	0.660
919	0.610
920	0.850
921	0.810
922	0.820
923	0.850
924	0.880
925	0.790
926	0.820
927	0.770
928	0.930
929	0.980
930	1.04
931	0.990
932	1.05
933	1.12
934	1.05
935	0.920
936	0.920
937	0.870
938	0.930
939	0.840
940	0.800
941	0.850
942	0.990
943	1.09
944	1.40
945	1.23
946	1.36
947	1.67
948	2.44
949	2.58
950	2.35
951	2.20
952	1.95
953	1.87
954	1.84
955	1.70
956	1.56
957	1.44
958	1.17
959	1.12
960	1.21
961	1.16
962	1.19
963	1.36
964	1.31
965	1.14
966	1.09
967	1.09
968	0.960
969	0.870
970	0.860
971	0.800
972	0.790
973	0.740
974	0.770
975	0.680
976	0.690
977	0.690
978	0.690
979	0.960
980	1.03
981	0.990
982	0.950
983	0.960
984	0.890
985	0.800
986	0.730
987	0.920
988	1.58
989	1.52
990	2.39
991	2.48
992	1.82
993	1.78
994	1.64
995	1.89
996	1.94
997	2.06
998	2.12
999	2.06
1000	2.69
1001	2.81
1002	2.87
1003	3.04
1004	3.03
1005	3.15
1006	3.08
1007	2.82
1008	2.42
1009	2.11
1010	1.84
1011	1.67
1012	1.62
1013	1.69
1014	1.60
1015	1.71
1016	1.78
1017	1.75
1018	1.30
1019	1.44
1020	1.56
1021	1.73
1022	1.69
1023	1.53
1024	1.95
1025	2.08
1026	2.11
1027	1.99
1028	1.85
1029	2.02
1030	2.28
1031	2.05
1032	1.85
1033	1.67
1034	1.62
1035	2.65
1036	2.27
1037	2.22
1038	2.04
1039	1.62
1040	1.59
1041	1.47
1042	1.39
1043	1.32
1044	1.38
1045	1.37
1046	1.39
1047	1.45
1048	1.53
1049	1.33
1050	1.68
1051	1.21
1052	1.08
1053	1.13
1054	1.19
1055	1
1056	0.890
1057	1
1058	1.06
1059	1.06
1060	1.13
1061	1.28
1062	1.35
1063	1.32
1064	1.53
1065	1.61
1066	1.72
1067	1.65
1068	1.57
1069	1.88
1070	1.58
1071	1.42
1072	1.37
1073	1.24
1074	1.33
1075	1.18
1076	1.19
1077	1.43
1078	1.33
1079	1.29
1080	1.21
1081	1.31
1082	1.30
1083	1.29
1084	1.30
1085	1.29
1086	1.28
1087	1.25
1088	1.18
1089	1.07
1090	1.08
1091	1.14
1092	1.12
1093	1.05
1094	1.03
1095	1.04
1096	0.850
1097	0.890
1098	0.940
1099	1.15
1100	1.34
1101	1.26
1102	1.18
1103	1.25
1104	1.28
1105	1.11
1106	1.17
1107	1.32
1108	1.10
1109	1.05
1110	1.23
1111	1.22
1112	1.39
1113	1.42
1114	1.23
1115	1.27
1116	1.28
1117	1.55
1118	1.50
1119	1.54
1120	1.28
1121	1.31
1122	1.29
1123	1.27
1124	1.35
1125	1.39
1126	1.49
1127	1.47
1128	1.58
1129	1.70
1130	1.69
1131	1.57
1132	1.61
1133	1.81
1134	1.55
1135	1.58
1136	1.49
1137	1.56
1138	1.44
1139	1.36
1140	1.69
1141	1.90
1142	2.23
1143	1.84
1144	1.70
1145	1.76
1146	2.13
1147	2.66
1148	2.98
1149	2.91
1150	3.25
1151	3.58
1152	3.12
1153	3.71
1154	3.57
1155	3.48
1156	3.16
1157	3.37
1158	4.21
1159	4.37
1160	3.59
1161	2.39
1162	2
1163	2.12
1164	1.57
1165	1.53
1166	1.79
1167	1.67
1168	1.52
1169	1.42
1170	1.45
1171	1.58
1172	1.80
1173	1.57
1174	1.37
1175	1.54
1176	1.61
1177	1.57
1178	1.50
1179	1.41
1180	1.18
1181	1.20
1182	1.21
1183	1.28
1184	1.33
1185	1.48
1186	1.65
1187	2.39
1188	2.42
1189	2.32
1190	2.48
1191	2.64
1192	2.19
1193	2.64
1194	3.24
1195	3.70
1196	4.31
1197	4.34
1198	6.59
1199	6.67
1200	5.42
1201	5.06
1202	5.46
1203	5.59
1204	7.51
1205	7.76
1206	8.48
1207	8.51
1208	6.81
1209	7.06
1210	6.06
1211	5.75
1212	4.79
1213	4.68
1214	3.92
1215	3.43
1216	2.62
1217	3.09
1218	3.10
1219	2.77
1220	2.13
1221	2.23
1222	2.38
1223	2.29
1224	1.82
1225	1.77
1226	1.87
1227	2.27
1228	2.20
1229	1.87
1230	1.66
1231	1.78
1232	1.44
1233	1.27
1234	1.35
1235	1.77
1236	1.53
1237	1.31
1238	1.50
1239	1.48
1240	1.11
1241	0.780
1242	0.770
1243	0.770
1244	0.820
1245	0.880
1246	1.01
1247	1.38
1248	1.47
1249	1.85
1250	1.98
1251	2.30
1252	2.64
1253	2.64
1254	2.62
1255	2.93
1256	2.46
1257	2.56
1258	2.34
1259	2.25
1260	2.29
1261	2.22
1262	2.16
1263	2.49
1264	2.80
1265	2.83
1266	3.32
1267	2.95
1268	2.83
1269	3.15
1270	2.83
1271	3.19
1272	3.19
1273	2.97
1274	2.81
1275	2.51
1276	2.23
1277	2.41
1278	2.50
1279	2.32
1280	2.03
1281	1.99
1282	2.17
1283	2.07
1284	2.43
1285	2.49
1286	2.27
1287	2.01
1288	2.31
1289	2.06
1290	2.01
1291	2.01
1292	2.02
1293	2.09
1294	2.10
1295	1.90
1296	1.90
1297	2.02
1298	2.15
1299	1.96
1300	2.17
1301	2.04
1302	2.01
1303	2.09
1304	2.11
1305	2.18
1306	2.96
1307	2.40
1308	2.35
1309	2.52
1310	2.66
1311	3.25
1312	3.21
1313	3.39
1314	3.24
1315	3.04
1316	2.78
1317	2.80
1318	2.27
1319	1.82
1320	1.90
1321	1.83
1322	1.73
1323	1.77
1324	1.78
1325	1.25
1326	1.21
1327	1.11
1328	1.17
1329	1.42
1330	1.31
1331	1.28
1332	1.02
1333	0.900
1334	1.11
1335	2
1336	2.62
1337	2.40
1338	2.35
1339	2.59
1340	2.55
1341	2.82
1342	2.60
1343	2.70
1344	2.85
1345	3.13
1346	2.61
1347	2.86
1348	2.96
1349	2.68
1350	2.63
1351	2.68
1352	2.29
1353	2.31
1354	1.89
1355	2.15
1356	2.14
1357	2
1358	2.09
1359	1.72
1360	1.72
1361	1.62
1362	1.68
1363	1.81
1364	1.43
1365	1.31
1366	1.35
1367	1.59
1368	1.73
1369	1.68
1370	1.78
1371	2.04
1372	1.72
1373	1.63
1374	1.42
1375	1.29
1376	1.12
1377	1.19
1378	1.10
1379	1.32
1380	1.40
1381	1.27
1382	1.35
1383	1.38
1384	1.28
1385	1.21
1386	1.26
1387	1.22
1388	1.34
1389	1.47
1390	1.72
1391	1.39
1392	1.55
1393	1.28
1394	1.42
1395	1.68
1396	2.31
1397	2.41
1398	3.26
1399	2.56
1400	2.55
1401	2.09
1402	1.97
1403	1.89
1404	2.11
1405	1.80
1406	1.72
1407	1.62
1408	1.69
1409	1.47
1410	1.28
1411	1.20
1412	1.23
1413	1.08
1414	1.23
1415	1.25
1416	1.60
1417	2.33
1418	1.87
1419	1.75
1420	1.48
1421	1.72
1422	1.86
1423	1.63
1424	1.88
1425	2.63
1426	3.23
1427	4.16
1428	4
1429	4.51
1430	4.17
1431	3.29
1432	2.59
1433	2.28
1434	2.11
1435	1.71
1436	1.70
1437	1.39
1438	1.19
1439	1.01
1440	0.980
1441	1.03
1442	1.10
1443	1.28
1444	1.51
1445	1.55
1446	1.54
1447	1.54
1448	1.39
1449	1.20
1450	1.87
1451	2.15
1452	1.84
1453	1.56
1454	1.33
1455	1.17
1456	1.25
1457	1.10
1458	1.24
1459	1.56
1460	2.17
1461	3.32
1462	3.37
1463	3.14
1464	3.33
1465	3.05
1466	2.57
1467	2.14
1468	2.09
1469	1.81
1470	1.44
1471	1.27
1472	1.14
1473	0.990
1474	0.860
1475	0.860
1476	0.770
1477	0.890
1478	0.950
1479	1.03
1480	1.04
1481	1.18
1482	1.31
1483	1.12
1484	1.01
1485	1.12
1486	1.06
1487	1.06
1488	1
1489	1.22
1490	1.21
1491	1.17
1492	1.21
1493	1.02
1494	1.06
1495	1.85
1496	2.02
1497	2.01
1498	1.93
1499	2.03
1500	1.75
1501	1.71
1502	1.62
1503	1.60
1504	1.61
1505	1.80
1506	1.71
1507	1.64
1508	1.84
1509	1.77
1510	1.84
1511	1.84
1512	1.72
1513	1.52
1514	1.72
1515	1.85
1516	2.04
1517	1.98
1518	1.77
1519	2.01
1520	1.95
1521	2.29
1522	2.26
1523	2.11
1524	1.96
1525	1.83
1526	1.57
1527	1.36
1528	1.20
1529	1.23
1530	1.18
1531	1.20
1532	1.25
1533	1.16
1534	1.17
1535	1.15
1536	0.980
1537	1.44
1538	1.87
1539	2.93
1540	3.28
1541	2.60
1542	2.45
1543	2.41
1544	2.29
1545	1.86
1546	1.56
1547	1.22
1548	1.13
1549	1.04
1550	0.900
1551	0.870
1552	1
1553	1.21
1554	1.45
1555	1.33
1556	1.38
1557	1.57
1558	1.94
1559	1.60
1560	1.58
1561	1.57
1562	1.89
1563	2.79
1564	3.47
1565	3.29
1566	3.16
1567	2.58
1568	2.07
1569	1.45
1570	1.27
1571	1.03
1572	1.13
1573	1.32
1574	1.85
1575	1.85
1576	1.88
1577	1.77
1578	1.79
1579	1.77
1580	1.59
1581	1.56
1582	1.52
1583	1.40
1584	1.36
1585	1.64
1586	1.74
1587	1.83
1588	1.94
1589	1.68
1590	1.70
1591	1.69
1592	2.01
1593	1.97
1594	1.86
1595	1.78
1596	1.54
1597	2.18
1598	1.92
1599	1.89
1600	1.71
1601	1.84
1602	1.99
1603	2.26
1604	2.35
1605	1.91
1606	1.66
1607	1.60
1608	1.61
1609	1.53
1610	1.66
1611	1.40
1612	1.43
1613	1.32
1614	1.23
1615	1.29
1616	1.51
1617	1.43
1618	1.52
1619	1.39
1620	1.26
1621	1.24
1622	1.28
1623	1.38
1624	1.66
1625	1.56
1626	2.54
1627	2.93
1628	2.82
1629	2.76
1630	3.98
1631	3.43
1632	3.59
1633	2.92
1634	2.59
1635	1.92
1636	1.79
1637	1.48
1638	1.34
1639	1.16
1640	1.19
1641	1.20
1642	1.28
1643	1.22
1644	1.32
1645	1.31
1646	1.55
1647	1.47
1648	1.50
1649	1.53
1650	1.76
1651	1.51
1652	1.34
1653	2.06
1654	2.14
1655	2.84
1656	4.63
1657	4.60
1658	3.61
1659	4.25
1660	3.17
1661	3.16
1662	3.38
1663	2.87
1664	2.19
1665	2.45
1666	2.01
1667	1.76
1668	1.40
1669	1.41
1670	1.26
1671	1.20
1672	1.53
1673	1.42
1674	1.35
1675	1.46
1676	1.45
1677	1.32
1678	1.52
1679	1.82
1680	1.85
1681	1.64
1682	1.48
1683	1.51
1684	1.57
1685	1.40
1686	1.48
1687	1.49
1688	1.52
1689	1.50
1690	1.71
1691	1.84
1692	1.93
1693	1.71
1694	2.03
1695	2.30
1696	2.58
1697	2.20
1698	1.98
1699	1.88
1700	2.07
1701	1.84
1702	1.70
1703	1.72
1704	1.89
1705	2.24
1706	1.83
1707	1.63
1708	1.53
1709	1.45
1710	1.92
1711	1.81
1712	2.71
1713	3.39
1714	3.61
1715	3.92
1716	4.14
1717	3.51
1718	3.27
1719	3.10
1720	2.51
1721	1.94
1722	1.63
1723	1.52
1724	1.59
1725	1.90
1726	3.44
1727	4.39
1728	3.84
1729	3.77
1730	4.45
1731	4.03
1732	4.19
1733	3.84
1734	4.58
1735	4.73
1736	5
1737	4.73
1738	4.68
1739	4.73
1740	5.19
1741	4.13
1742	4.19
1743	4.25
1744	3.95
1745	3.13
1746	3.37
1747	3.43
1748	3.19
1749	2.70
1750	2.51
1751	2.65
1752	2.29
1753	1.88
1754	2.17
1755	2.10
1756	2.54
1757	2.15
1758	2.51
1759	2.67
1760	2.70
1761	2.05
1762	2.06
1763	1.87
1764	1.75
1765	1.28
1766	1.14
1767	1.11
1768	1.28
1769	1.35
1770	1.26
1771	1.19
1772	1
1773	1.18
1774	1.13
1775	1.19
1776	1.28
1777	1.22
1778	1.13
1779	1.09
1780	1.18
1781	1.12
1782	0.930
1783	1.23
1784	1.71
1785	1.72
1786	1.73
1787	2.17
1788	2.12
1789	1.91
1790	1.59
1791	2.10
1792	1.74
1793	1.65
1794	1.43
1795	1.39
1796	1.33
1797	1.33
1798	1.53
1799	1.63
1800	1.55
1801	1.34
1802	1.55
1803	1.79
1804	2.19
1805	2.51
1806	2.78
1807	3.37
1808	3.02
1809	2.72
1810	2.46
1811	2.30
1812	2.27
1813	2.15
1814	1.83
1815	2.48
1816	2.49
1817	2.20
1818	2.53
1819	2.11
1820	1.72
1821	1.53
1822	1.40
1823	1.23
1824	1.37
1825	1.18
1826	1.24
1827	1.34
1828	1.32
1829	1.57
1830	1.46
1831	1.54
1832	1.34
1833	1.54
1834	1.44
1835	1.38
1836	1.31
1837	1.10
1838	1.32
1839	1.27
1840	1.41
1841	1.53
1842	1.51
1843	1.61
1844	1.59
1845	1.55
1846	1.38
1847	1.49
1848	1.38
1849	1.54
1850	1.83
1851	2.46
1852	2.64
1853	2.46
1854	2.17
1855	2.42
1856	2.22
1857	1.94
1858	2
1859	1.98
1860	1.69
1861	1.61
1862	1.57
1863	1.47
1864	1.39
1865	1.51
1866	1.63
1867	1.59
1868	1.46
1869	1.45
1870	1.43
1871	1.48
1872	1.25
1873	1.18
1874	1.20
1875	1.22
1876	1.12
1877	1.06
1878	1.04
1879	1.08
1880	1.14
1881	1.13
1882	1.27
1883	1.33
1884	1.26
1885	1.28
1886	1.36
1887	1.24
1888	1.19
1889	1.49
1890	1.45
1891	1.49
1892	1.52
1893	1.54
1894	1.75
1895	1.58
1896	1.40
1897	1.38
1898	1.52
1899	1.69
1900	1.89
1901	1.91
1902	2.02
1903	2.33
1904	2.20
1905	1.82
1906	1.83
1907	1.50
1908	1.53
1909	1.42
1910	1.54
1911	1.76
1912	1.93
1913	1.91
1914	1.76
1915	1.93
1916	2.15
1917	1.94
1918	1.93
1919	1.85
1920	1.94
1921	2.19
1922	2.41
1923	1.95
1924	1.82
1925	1.83
1926	1.49
1927	1.71
1928	1.64
1929	1.54
1930	1.73
1931	1.69
1932	2.09
1933	2.02
1934	2.15
1935	2
1936	2.18
1937	2.13
1938	2.19
1939	2.29
1940	2.23
1941	2.06
1942	1.99
1943	1.91
1944	1.74
1945	1.76
1946	1.89500000000000
1947	2.06
1948	1.82
1949	1.89
1950	1.82500000000000
1951	1.85
1952	1.40
1953	1.67
1954	1.58
1955	1.81
1956	1.74
1957	1.80
1958	1.91
1959	2.25
1960	2.25
1961	2.12
1962	2.20
1963	1.89
1964	1.98
1965	2.16
1966	1.96
1967	1.77
1968	2.14
1969	2.10
1970	2.01
1971	1.79
1972	1.59
1973	1.39
1974	1.35
1975	1.38
1976	1.29
1977	1.24
1978	1.14
1979	1.17
1980	1.19
1981	1.31
1982	1.15
1983	1.39
1984	1.53
1985	1.31
1986	1.31
1987	1.30
1988	1.41
1989	1.41
1990	1.53
1991	1.53
1992	1.82
1993	1.64
1994	1.60
1995	1.49
1996	1.62
1997	1.45
1998	1.38
1999	1.45
2000	1.91
2001	2.56
2002	2.56
2003	2.37
2004	2.33
2005	1.88
2006	1.58
2007	1.38
2008	1.26
2009	1.30
2010	1.29
2011	1.33
2012	1.30
2013	1.46
2014	1.23
2015	1.26
2016	1.17
2017	1.18
2018	1.07
2019	1.13
2020	1.12
2021	1.38
2022	1.31
2023	1.55
2024	1.63
2025	1.56
2026	1.60
2027	1.48
2028	1.43
2029	1.51
2030	1.46
2031	1.50
2032	1.44
2033	1.46
2034	1.53
2035	1.42
2036	1.50
2037	1.69
2038	1.58
2039	1.66
2040	1.64
2041	1.37
2042	1.30
2043	1.33
2044	1.37
2045	1.23
2046	1.47
2047	1.84
2048	1.93
2049	2.01
2050	1.76
2051	1.67
2052	1.56
2053	1.53
2054	1.34
2055	1.38
2056	1.26
2057	1.20
2058	1.32
2059	1.36
2060	1.38
2061	1.50
2062	1.46
2063	1.61
2064	1.58
2065	1.51
2066	1.58
2067	1.56
2068	1.43
2069	1.44
2070	1.36
2071	1.37
2072	1.41
2073	1.29
2074	1.28
2075	1.23
2076	1.04
2077	1.29
2078	1.30
2079	1.28
2080	1.36
2081	1.53
2082	1.39
2083	1.32
2084	1.37
2085	1.32
2086	1.39
2087	1.28
2088	1.23
2089	1.24
2090	1.43
2091	1.39
2092	1.38
2093	1.42
2094	1.57
2095	1.48
2096	1.66
2097	1.49
2098	1.41
2099	1.30
2100	1.28
2101	1.44
2102	1.42
2103	1.59
2104	1.60
2105	1.84
2106	2.49
2107	2.04
2108	1.86
2109	1.84
2110	1.63
2111	1.30
2112	1.15
2113	1.14
2114	1.21
2115	1.14
2116	1.05
2117	1.03
2118	1.14
2119	1.25
2120	1.21
2121	0.970
2122	1.21
2123	1.24
2124	1.56
2125	1.62
2126	1.59
2127	1.47
2128	1.52
2129	1.45
2130	1.62
2131	1.86
2132	2.03
2133	1.71
2134	1.58
2135	1.60
2136	1.55
2137	1.29
2138	1.19
2139	1.15
2140	1.16
2141	1.03
2142	1.07
2143	1.01
2144	1.13
2145	1.29
2146	1.29
2147	1.30
2148	1.46
2149	1.51
2150	1.52
2151	1.79
2152	1.92
2153	1.86
2154	1.73
2155	1.91
2156	1.69
2157	1.77
2158	1.86
2159	1.77
2160	1.76
2161	1.55
2162	1.57
2163	1.75
2164	1.67
2165	1.41
2166	1.35
2167	1.33
2168	1.36
2169	1.35
2170	1.21
2171	1.18
2172	1.24
2173	1.17
2174	1.14
2175	1.08
2176	0.970
2177	1.05
2178	1.11
2179	1.19
2180	0.990
2181	1.12
2182	1.26
2183	1.22
2184	1.08
2185	1.17
2186	1.23
2187	1.16
2188	1.18
2189	1.43
2190	1.17
2191	1.26
2192	1.27
2193	1.45
2194	1.48
2195	1.38
2196	1.39
2197	1.38
2198	1.34
2199	1.26
2200	1.35
2201	1.37
2202	1.51
2203	1.56
2204	1.80
2205	1.79
2206	1.90
2207	1.91
2208	1.90
2209	1.81
2210	1.86
2211	1.66
2212	1.84
2213	1.66
2214	1.39
2215	1.17
2216	1.21
2217	1.20
2218	1.20
2219	1.16
2220	1.26
2221	1.23
2222	1.11
2223	1.06
2224	1.08
2225	1.07
2226	1.07
2227	1.02
2228	1.15
2229	1.10
2230	1.29
2231	1.24
2232	1.22
2233	1.25
2234	1.24
2235	1.45
2236	1.11
2237	1.44
2238	1.34
2239	1.08
2240	0.980
2241	0.870
2242	0.810
2243	0.910
2244	1.10
2245	1.24
2246	1.40
2247	1.43
2248	1.26
2249	1.27
2250	1.24
2251	1.29
2252	1.21
2253	1.05
2254	0.970
2255	0.940
2256	0.950
2257	0.790
2258	0.710
2259	0.710
2260	0.710
2261	0.750
2262	0.780
2263	0.860
2264	1.11
2265	1.09
2266	0.950
2267	1
2268	1.03
2269	1.09
2270	0.880
2271	0.940
2272	0.990
2273	0.910
2274	0.820
2275	0.870
2276	0.880
2277	1
2278	0.910
2279	0.880
2280	0.950
2281	0.860
2282	0.920
2283	0.950
2284	1.01
2285	1.12
2286	1.20
2287	1.11
2288	1.04
2289	0.980
2290	0.930
2291	1.04
2292	0.900
2293	0.920
2294	0.940
2295	0.950
2296	1.08
2297	1.21
2298	1.30
2299	1.26
2300	1.34
2301	1.41
2302	1.34
2303	1.27
2304	1.41
2305	1.41
2306	1.65
2307	1.84
2308	1.74
2309	1.52
2310	1.31
2311	1.34
2312	1.30
2313	1.05
2314	0.930
2315	0.950
2316	1.05
2317	1.03
2318	0.970
2319	1.02
2320	1.13
2321	1.09
2322	1.03
2323	1.01
2324	0.970
2325	0.850
2326	0.800
2327	0.770
2328	0.860
2329	0.880
2330	0.940
2331	0.900
2332	1.07
2333	1.03
2334	0.840
2335	0.800
2336	0.830
2337	0.810
2338	0.720
2339	0.750
2340	0.780
2341	0.720
2342	0.890
2343	1.07
2344	0.970
2345	0.990
2346	1.09
2347	1.09
2348	1.09
2349	1.13
2350	1.02
2351	1.15
2352	1.24
2353	1.07
2354	1.07
2355	1
2356	0.980
2357	1.04
2358	0.860
2359	0.880
2360	0.820
2361	0.810
2362	0.820
2363	0.750
2364	0.730
2365	0.780
2366	0.850
2367	0.750
2368	0.700
2369	0.620
2370	0.660
2371	0.720
2372	0.700
2373	0.800
2374	0.710
2375	0.790
2376	0.850
2377	0.920
2378	1.03
2379	1.11
2380	1.25
2381	1.30
2382	1.52
2383	1.44
2384	1.37
2385	1.43
2386	1.35
2387	1.31
2388	1.40
2389	1.30
2390	1.36
2391	1.24
2392	1.17
2393	1.14
2394	1.26
2395	1.17
2396	1.07
2397	1.18
2398	1.13
2399	0.930
2400	0.880
2401	0.780
2402	0.860
2403	0.790
2404	0.660
2405	0.680
2406	0.690
2407	0.630
2408	0.640
2409	0.600
2410	0.590
2411	0.620
2412	0.590
2413	0.640
2414	0.760
2415	1.07
2416	1.16
2417	1.42
2418	1.43
2419	1.20
2420	1.22
2421	1.36
2422	1.01
2423	0.960
2424	0.880
2425	0.900
2426	0.910
2427	0.880
2428	0.980
2429	0.960
2430	1.07
2431	1.08
2432	1.03
2433	1.07
2434	1.04
2435	0.900
2436	0.900
2437	0.870
2438	1.13
2439	1.10
2440	1.13
2441	1.08
2442	1.01
2443	0.860
2444	0.750
2445	0.740
2446	0.760
2447	0.800
2448	0.740
2449	0.800
2450	0.780
2451	0.860
2452	0.770
2453	0.930
2454	0.840
2455	0.980
2456	1.04
2457	1.18
2458	1.37
2459	1.32
2460	1.40
2461	1.58
2462	1.29
2463	1.30
2464	1.39
2465	1.20
2466	1.21
2467	1.25
2468	1.31
2469	1.14
2470	1.03
2471	1.19
2472	1.17
2473	1.21
2474	1.38
2475	1.35
2476	1.29
2477	1.17
2478	1.03
2479	0.960
2480	1.11
2481	1.15
2482	1.07
2483	1.01
2484	0.890
2485	0.810
2486	0.840
2487	0.750
2488	0.890
2489	1
2490	1.01
2491	0.930
2492	0.980
2493	0.980
2494	1.01
2495	0.910
2496	0.960
2497	0.920
2498	0.900
2499	1.02
2500	1.07
2501	1.27
2502	1.40
2503	1.53
2504	1.59
2505	1.81
2506	1.77
2507	1.36
2508	1.45
2509	1.73
2510	2.36
2511	2.15
2512	2.21
2513	1.76
2514	1.91
2515	2.05
2516	2.11
2517	1.84
2518	1.49
2519	1.31
2520	1.23
2521	1.23
2522	1.27
2523	1.24
2524	1.13
2525	1.01
2526	0.930
2527	0.910
2528	1.06
2529	1.12
2530	1.10
2531	1
2532	1.03
2533	1.21
2534	1.26
2535	1.21
2536	1.07
2537	1.27
2538	1.56
2539	2.46
2540	2.51
2541	1.98
2542	1.82
2543	1.72
2544	1.84
2545	1.72
2546	1.81
2547	1.62
2548	1.90
2549	1.89
2550	1.69
2551	1.59
2552	1.63
2553	1.81
2554	1.36
2555	1.47
2556	1.52
2557	1.38
2558	1.30
2559	1.16
2560	1.25
2561	1.16
2562	1.06
2563	1
2564	1.03
2565	0.980
2566	0.980
2567	0.990
2568	0.980
2569	1
2570	0.970
2571	1.02
2572	1.04
2573	0.940
2574	0.940
2575	0.940
2576	1.08
2577	1.23
2578	1.12
2579	1.12
2580	1.08
2581	0.930
2582	1.01
2583	0.860
2584	0.750
2585	0.870
2586	1.08
2587	0.890
2588	0.900
2589	0.960
2590	0.890
2591	0.740
2592	0.660
2593	0.680
2594	0.840
2595	1.04
2596	1.01
2597	1.29
2598	1.36
2599	1.43
2600	1.41
2601	1.21
2602	1.25
2603	1.11
2604	1.03
2605	1.06
2606	0.990
2607	0.990
2608	1.01
2609	1.07
2610	1.04
2611	1.04
2612	1.07
2613	1.17
2614	1.21
2615	1.33
2616	1.55
2617	1.67
2618	1.62
2619	1.54
2620	1.52
2621	1.80
2622	1.59
2623	1.37
2624	1.47
2625	1.46
2626	1.62
2627	1.58
2628	1.50
2629	1.25
2630	1.20
2631	1.11
2632	1.11
2633	1.11
2634	1.08
2635	0.980
2636	0.980
2637	0.950
2638	0.870
2639	0.900
2640	0.700
2641	0.710
2642	0.630
2643	0.650
2644	0.770
2645	0.840
2646	0.800
2647	0.850
2648	1.02
2649	1.22
2650	1.11
2651	1.10
2652	1.05
2653	1.14
2654	1.45
2655	1.27
2656	1.08
2657	1.54
2658	1.79
2659	1.80
2660	1.53
2661	1.57
2662	1.84
2663	1.75
2664	1.44
2665	1.47
2666	1.32
2667	1.25
2668	1.35
2669	1.53
2670	1.27
2671	1.38
2672	1.43
2673	1.32
2674	1.82
2675	1.65
2676	1.58
2677	1.89
2678	1.91
2679	1.88
2680	1.83
2681	2.23
2682	2.29
2683	2.03
2684	1.87
2685	1.73
2686	1.53
2687	1.74
2688	1.71
2689	1.75
2690	1.62
2691	1.57
2692	1.58
2693	1.27
2694	2.17
2695	2.73
2696	3.44
2697	3.92
2698	3.41
2699	3.19
2700	4.42
2701	3.69
2702	3.35
2703	3.40
2704	3.99
2705	3.82
2706	3.42
2707	3.01
2708	2.63
2709	2.26
2710	2.09
2711	2.16
2712	1.83
2713	1.83
2714	1.95
2715	3.09
2716	3.66
2717	2.92
2718	2.68
2719	2.49
2720	2.26
2721	1.87
2722	1.64
2723	1.59
2724	1.56
2725	1.45
2726	1.19
2727	0.970
2728	0.950
2729	0.910
2730	1.37
2731	1.49
2732	1.61
2733	2.90
2734	4.56
2735	4.11
2736	3.37
2737	3.27
2738	3.21
2739	2.51
2740	2.41
2741	2.63
2742	2.72
2743	2.29
2744	2.23
2745	2.25
2746	2.48
2747	2.28
2748	2.14
2749	2.16
2750	2.32
2751	2.23
2752	2.16
2753	2.10
2754	1.99
2755	2.01
2756	2
2757	2.01
2758	2.31
2759	2.55
2760	2.93
2761	2.65
2762	2.83
2763	2.50
2764	2.80
2765	3.29
2766	3.39
2767	2.80
2768	2.70
2769	2.20
2770	2.15
2771	1.97
2772	2.03
2773	1.97
2774	1.94
2775	1.48
2776	1.24
2777	1.52
2778	3.09
2779	3.91
2780	3.91
2781	3.77
2782	3.37
2783	2.62
2784	2.52
2785	2.62
2786	2.58
2787	2.48
2788	2.30
2789	2.18
2790	2.13
2791	1.76
2792	2.54
2793	3.14
2794	2.61
2795	2.96
2796	2.49
2797	2.34
2798	2.65
2799	2.49
2800	3.43
2801	2.63
2802	2.71
2803	2.91
2804	2.39
2805	2.05
2806	2.93
2807	2.29
2808	2.03
2809	1.76
2810	1.69
2811	1.69
2812	1.73
2813	1.36
2814	1.41
2815	1.24
2816	1.24
2817	1.33
2818	1.40
2819	1.32
2820	1.26
2821	1.30
2822	1.59
2823	1.42
2824	1.49
2825	1.58
2826	1.55
2827	1.66
2828	1.62
2829	1.58
2830	1.88
2831	1.77
2832	1.89
2833	1.60
2834	1.61
2835	1.98
2836	1.82
2837	1.64
2838	1.58
2839	1.80
2840	1.72
2841	1.38
2842	1.37
2843	1.19
2844	1.05
2845	1.05
2846	1.34
2847	1.82
2848	1.50
2849	1.54
2850	1.76
2851	2.03
2852	2.26
2853	2.16
2854	2.19
2855	2.26
2856	1.89
2857	2.08
2858	2.31
2859	2.10
2860	2.14
2861	1.98
2862	1.75
2863	1.97
2864	1.78
2865	1.76
2866	1.90
2867	1.61
2868	1.99
2869	1.94
2870	1.76
2871	2
2872	1.93
2873	1.78
2874	1.66
2875	1.99
2876	2.06
2877	1.98
2878	2.04
2879	2.18
2880	2.42
2881	2.31
2882	2.22
2883	2.12
2884	1.90
2885	1.93
2886	1.77
2887	1.85
2888	1.75
2889	1.87
2890	2.21
2891	2.27
2892	2.05
2893	2.38
2894	2.53
2895	2.30
2896	2.22
2897	2.02
2898	2
2899	2.06
2900	2.46
2901	3.26
2902	3.23
2903	3.05
2904	2.80
2905	2.61
2906	2.50
2907	2.26
2908	1.91
2909	1.81
2910	1.69
2911	1.63
2912	2.16
2913	2.35
2914	2.36
2915	2.30
2916	1.62
2917	1.67
2918	1.36
2919	1.45
2920	1.35
2921	1.32
2922	1.14
2923	1.18
2924	1.16
2925	1.37
2926	1.36
2927	1.50
2928	1.51
2929	1.47
2930	1.53
2931	1.53
2932	1.63
2933	1.63
2934	1.80
2935	2
2936	1.80
2937	1.79
2938	2.73
2939	3.33
2940	2.98
2941	3.42
2942	3.77
2943	3.49
2944	2.60
2945	2.73
2946	2.49
2947	2.39
2948	2.40
2949	2.18
2950	2.04
2951	2.19
2952	2.11
2953	3.02
2954	3.23
2955	2.78
2956	2.98
2957	3.51
2958	3.30
2959	2.71
2960	2.31
2961	2.18
2962	2.07
2963	2.04
2964	2.29
2965	2.37
2966	2.23
2967	2.13
2968	2.24
2969	2.19
2970	2.34
2971	2.17
2972	2.52
2973	1.88
2974	1.78
2975	2.25
2976	2.21
2977	1.65
2978	1.87
2979	1.68
2980	1.72
2981	1.58
2982	1.37
2983	1.43
2984	1.78
2985	1.59
2986	1.61
2987	2.30
2988	2.29
2989	1.89
2990	1.98
2991	2.01
2992	2.13
2993	2.04
2994	1.87
2995	1.62
2996	1.67
2997	1.68
2998	1.60
2999	3.33
3000	2.31
3001	2.10
3002	1.87
3003	1.60
3004	1.47
3005	1.61
3006	1.96
3007	1.42
3008	1.16
3009	1.46
3010	1.98
3011	3.14
3012	4.25
3013	3.76
3014	3.34
3015	3.07
3016	3.17
3017	2.41
3018	2.15
3019	2.23
3020	1.75
3021	1.65
3022	1.68
3023	1.65
3024	1.73
3025	2.37
3026	1.79
3027	1.43
3028	1.37
3029	2.61
3030	2.53
3031	1.92
3032	2.15
3033	1.60
3034	1.76
3035	1.78
3036	1.53
3037	1.38
3038	1.53
3039	1.58
3040	1.77
3041	1.97
3042	1.80
3043	1.99
3044	1.98
3045	2.14
3046	1.93
3047	1.93
3048	2.07
3049	1.88
3050	1.71
3051	1.89
3052	1.69
3053	1.58
3054	1.80
3055	1.87
3056	1.91
3057	2.07
3058	1.86
3059	2.15
3060	1.92
3061	2.12
3062	1.82
3063	2.06
3064	1.86
3065	1.65
3066	1.61
3067	1.79
3068	1.92
3069	1.88
3070	1.66
3071	1.60
3072	1.54
3073	1.47
3074	1.56
3075	1.60
3076	1.54
3077	1.74
3078	1.51
3079	1.66
3080	1.72
3081	1.87
3082	1.82
3083	1.84
3084	1.63
3085	1.70
3086	1.51
3087	1.50
3088	1.65
3089	1.86
3090	1.60
3091	1.61
3092	1.46
3093	1.44
3094	1.19
3095	1.33
3096	1.32
3097	1.39
3098	2.04
3099	2.14
3100	2.79
3101	2.38
3102	2.75
3103	2.38
3104	3.47
3105	3.21
3106	2.74
3107	2.05
3108	1.95
3109	2.57
3110	3.41
3111	3.73
3112	2.70
3113	2.30
3114	2.50
3115	2.01
3116	1.94
3117	2.06
3118	2.09
3119	1.73
3120	1.77
3121	2.09
3122	1.86
3123	1.93
3124	1.75
3125	1.85
3126	1.99
3127	1.56
3128	1.51
3129	1.53
3130	1.36
3131	1.46
3132	1.66
3133	1.77
3134	1.80
3135	1.76
3136	1.59
3137	1.42
3138	1.38
3139	1.61
3140	1.43
3141	1.28
3142	1.30
3143	1.32
3144	1.45
3145	1.56
3146	1.40
3147	1.37
3148	1.21
3149	1.16
3150	1.47
3151	1.38
3152	1.47
3153	1.55
3154	1.32
3155	1.83
3156	2.11
3157	2.29
3158	1.83
3159	1.84
3160	1.68
3161	1.72
3162	1.20
3163	1.34
3164	1.52
3165	1.91
3166	3.44
3167	3.69
3168	3.53
3169	3.41
3170	2.84
3171	2.19
3172	1.94
3173	1.90
3174	2.07
3175	1.65
3176	1.52
3177	1.25
3178	1.47
3179	1.86
3180	1.93
3181	1.90
3182	1.61
3183	1.46
3184	1.37
3185	1.35
3186	1.51
3187	1.85
3188	2.39
3189	2.48
3190	2.29
3191	2.87
3192	3.60
3193	2.80
3194	2.71
3195	2.71
3196	2.73
3197	2.39
3198	2.17
3199	1.66
3200	1.41
3201	1.53
3202	1.37
3203	1.29
3204	1.26
3205	1.03
3206	1.02
3207	0.930
3208	1.11
3209	1.25
3210	1.68
3211	1.98
3212	2.16
3213	2.10
3214	2.74
3215	2.87
3216	3.31
3217	2.86
3218	2.76
3219	2.46
3220	1.91
3221	1.76
3222	1.35
3223	1.15
3224	1.01
3225	1.16
3226	1.17
3227	1.52
3228	1.70
3229	1.48
3230	1.44
3231	1.84
3232	2.04
3233	1.81
3234	1.62
3235	1.54
3236	1.86
3237	1.71
3238	2.26
3239	2.79
3240	2.82
3241	2.50
3242	2.22
3243	2.01
3244	1.71
3245	1.91
3246	1.67
3247	1.27
3248	1.36
3249	1.39
3250	1.30
3251	1.24
3252	1.16
3253	1.18
3254	1.31
3255	1.54
3256	1.28
3257	1.22
3258	1.76
3259	2.52
3260	2.75
3261	3.25
3262	3.20
3263	3.30
3264	3.34
3265	4.72
3266	5.03
3267	4.38
3268	4.59
3269	4.33
3270	4.05
3271	3.44
3272	3.32
3273	2.71
3274	2.52
3275	1.99
3276	2.05
3277	1.91
3278	1.78
3279	1.67
3280	1.70
3281	2.08
3282	1.86
3283	2.95
3284	2.83
3285	2.80
3286	2.57
3287	2.69
3288	2.27
3289	2.27
3290	1.95
3291	1.83
3292	1.93
3293	1.71
3294	1.58
3295	1.56
3296	1.53
3297	1.50
3298	1.42
3299	1.62
3300	1.26
3301	1.48
3302	1.40
3303	1.53
3304	1.41
3305	1.47
3306	1.51
3307	1.47
3308	1.55
3309	1.35
3310	1.40
3311	1.30
3312	1.27
3313	1.29
3314	1.46
3315	1.47
3316	1.81
3317	1.93
3318	2.17
3319	2.38
3320	2.44
3321	2.17
3322	2.60
3323	2.64
3324	2.26
3325	1.72
3326	2.15
3327	2.03
3328	1.90
3329	1.88
3330	1.67
3331	1.78
3332	1.87
3333	1.62
3334	1.41
3335	2.25
3336	1.92
3337	1.77
3338	1.78
3339	1.97
3340	1.81
3341	1.74
3342	1.59
3343	1.66
3344	1.43
3345	1.44
3346	1.30
3347	1.38
3348	1.53
3349	1.48
3350	1.64
3351	2.58
3352	2.34
3353	2.37
3354	2.26
3355	2.45
3356	2.42
3357	2.28
3358	2.21
3359	2.25
3360	2.05
3361	2.01
3362	1.96
3363	2.05
3364	2.10
3365	2.08
3366	1.86
3367	1.78
3368	1.96
3369	2.04
3370	2.05
3371	1.96
3372	1.75
3373	1.67
3374	1.42
3375	1.21
3376	1.32
3377	1.21
3378	1.26
3379	1.11
3380	1.16
3381	1.10
3382	1.37
3383	2.03
3384	1.91
3385	1.88
3386	1.80
3387	1.54
3388	1.70
3389	1.26
3390	1
3391	1.14
3392	1.23
3393	1.01
3394	1.22
3395	1
3396	0.930
3397	0.870
3398	1.02
3399	0.900
3400	0.840
3401	1
3402	1.06
3403	1.18
3404	1.42
3405	1.49
3406	1.97
3407	2.27
3408	1.99
3409	2.31
3410	2.33
3411	2.10
3412	1.73
3413	1.86
3414	1.53
3415	1.38
3416	1.57
3417	1.38
3418	1.40
3419	1.25
3420	1.35
3421	1.78
3422	1.29
3423	1.05
3424	1.01
3425	0.860
3426	0.810
3427	0.740
3428	0.670
3429	0.650
3430	0.900
3431	1
3432	0.860
3433	0.960
3434	0.990
3435	0.960
3436	1.13
3437	1.20
3438	1.18
3439	1.08
3440	1.07
3441	1.16
3442	1.22
3443	1.02
3444	0.960
3445	1
3446	1.16
3447	1.17
3448	1.26
3449	1.32
3450	1.58
3451	1.74
3452	1.72
3453	1.57
3454	1.68
3455	1.58
3456	1.38
3457	1.54
3458	1.40
3459	1.25
3460	1.18
3461	1.08
3462	1.37
3463	1.17
3464	1.16
3465	1.19
3466	1.17
3467	1.26
3468	1.22
3469	1.03
3470	1.62
3471	1.42
3472	1.24
3473	1.51
3474	1.26
3475	1.56
3476	1.91
3477	1.77
3478	1.82
3479	1.89
3480	1.90
3481	1.70
3482	1.76
3483	1.51
3484	1.37
3485	1.39
3486	1.25
3487	1.20
3488	1.40
3489	1.28
3490	1.12
3491	1
3492	0.800
3493	0.760
3494	0.630
3495	0.590
3496	0.730
3497	0.930
3498	0.910
3499	0.880
3500	0.730
3501	0.790
3502	0.730
3503	0.770
3504	0.900
3505	0.850
3506	0.820
3507	1.19
3508	1.32
3509	1.34
3510	1.27
3511	1.24
3512	1.12
3513	1.09
3514	0.910
3515	0.870
3516	0.770
3517	0.840
3518	0.790
3519	0.700
3520	0.800
3521	0.670
3522	0.730
3523	0.730
3524	0.730
3525	0.900
3526	1.23
3527	1
3528	1.14
3529	1.11
3530	1.08
3531	1.17
3532	1.33
3533	1.40
3534	1.54
3535	2.09
3536	2.15
3537	2.20
3538	1.97
3539	1.96
3540	2.21
3541	2.07
3542	1.95
3543	2.09
3544	1.92
3545	1.73
3546	1.56
3547	1.16
3548	1.19
3549	1.26
3550	1.12
3551	1.01
3552	1.07
3553	0.990
3554	1.02
3555	1.01
3556	1.12
3557	1.14
3558	1.18
3559	1.15
3560	1.15
3561	1.11
3562	1.14
3563	0.970
3564	0.950
3565	0.870
3566	0.890
3567	0.810
3568	0.850
3569	0.780
3570	0.830
3571	0.780
3572	0.800
3573	0.800
3574	0.900
3575	0.900
3576	0.870
3577	0.830
3578	0.850
3579	0.820
3580	1.03
3581	0.930
3582	0.860
3583	0.900
3584	0.870
3585	0.850
3586	0.820
3587	0.740
3588	0.820
3589	0.880
3590	0.910
3591	0.710
3592	0.710
3593	0.720
3594	0.640
3595	0.640
3596	0.770
3597	0.820
3598	0.950
3599	0.810
3600	0.820
3601	0.810
3602	0.780
3603	0.720
3604	0.700
3605	0.630
3606	0.600
3607	0.560
3608	0.620
3609	0.560
3610	0.600
3611	0.550
3612	0.650
3613	0.640
3614	0.620
3615	0.750
3616	0.810
3617	0.970
3618	1.05
3619	1
3620	1.13
3621	1.16
3622	0.980
3623	0.940
3624	0.800
3625	0.840
3626	0.760
3627	0.960
3628	0.900
3629	0.870
3630	0.820
3631	0.840
3632	0.910
3633	0.830
3634	0.930
3635	0.930
3636	0.870
3637	0.980
3638	1.06
3639	0.950
3640	1.01
3641	0.960
3642	1.06
3643	1.03
3644	1
3645	1.02
3646	0.930
3647	1.07
3648	0.920
3649	0.950
3650	0.940
3651	1.01
3652	1.05
3653	1.06
3654	1.07
3655	1.08
3656	1.10
3657	1.17
3658	1.04
3659	1.03
3660	1.14
3661	1.08
3662	1.01
3663	1.13
3664	1
3665	1.01
3666	1.13
3667	0.960
3668	0.800
3669	0.900
3670	1.42
3671	1.34
3672	1.29
3673	1.38
3674	1.29
3675	1.37
3676	1.40
3677	1.30
3678	1.35
3679	1.33
3680	1.33
3681	1.28
3682	1.19
3683	1.05
3684	1.10
3685	1.09
3686	1.02
3687	1.02
3688	1.10
3689	1.21
3690	1.28
3691	1.16
3692	1.18
3693	1.13
3694	1.29
3695	1.27
3696	1.16
3697	1.18
3698	1.25
3699	1.33
3700	1.27
3701	1.16
3702	1.10
3703	1.13
3704	1.12
3705	1.03
3706	0.980
3707	0.920
3708	0.880
3709	0.950
3710	1.01
3711	0.910
3712	0.900
3713	0.920
3714	1.07
3715	1.21
3716	1.56
3717	1.75
3718	2.21
3719	1.84
3720	2.01
3721	1.45
3722	1.53
3723	1.63
3724	1.65
3725	1.49
3726	1.32
3727	1.40
3728	1.39
3729	1.29
3730	1.15
3731	1.21
3732	1.33
3733	1.19
3734	1
3735	1
3736	1.13
3737	1.06
3738	1.04
3739	1.06
3740	1.13
3741	1.01
3742	0.960
3743	1.04
3744	1.02
3745	0.960
3746	0.940
3747	0.880
3748	0.830
3749	0.750
3750	0.740
3751	0.940
3752	1
3753	0.990
3754	0.890
3755	0.910
3756	0.940
3757	0.940
3758	0.810
3759	0.810
3760	0.920
3761	0.970
3762	1
3763	1.04
3764	1.13
3765	1.04
3766	1.08
3767	0.930
3768	0.990
3769	1.10
3770	1.14
3771	1.25
3772	1.24
3773	1.17
3774	1.31
3775	1.42
3776	1.48
3777	1.50
3778	1.41
3779	1.51
3780	1.46
3781	1.36
3782	1.36
3783	1.32
3784	1.55
3785	2.24
3786	2.71
3787	3.34
3788	2.96
3789	2.40
3790	1.84
3791	1.59
3792	1.32
3793	1.21
3794	1.09
3795	1.11
3796	1.20
3797	1.31
3798	1.33
3799	1.29
3800	1.22
3801	0.970
3802	1.18
3803	1.06
3804	1.01
3805	1.02
3806	1.05
3807	1.06
3808	0.970
3809	0.860
3810	0.870
3811	0.820
3812	0.900
3813	0.840
3814	0.770
3815	0.810
3816	0.850
3817	0.830
3818	0.830
3819	0.690
3820	0.840
3821	0.920
3822	0.820
3823	0.900
3824	1.01
3825	0.980
3826	1.03
3827	1.18
3828	1.14
3829	1.17
3830	1.12
3831	0.940
3832	1.04
3833	0.930
3834	0.910
3835	0.930
3836	0.910
3837	1
3838	1.06
3839	1.02
3840	0.930
3841	0.910
3842	0.890
3843	0.930
3844	0.990
3845	1
3846	0.980
3847	0.890
3848	0.830
3849	0.790
3850	0.840
3851	0.770
3852	0.810
3853	0.790
3854	0.740
3855	0.760
3856	0.780
3857	0.770
3858	0.790
3859	0.900
3860	0.930
3861	0.840
3862	0.950
3863	1.04
3864	1.70
3865	1.92
3866	2.04
3867	2.15
3868	2.01
3869	2.43
3870	2.92
3871	3.16
3872	3.66
3873	5.32
3874	5.28
3875	6.19
3876	5.24
3877	3.55
3878	4.03
3879	3.77
3880	3.17
3881	2.74
3882	2.36
3883	1.93
3884	1.91
3885	1.56
3886	1.44
3887	1.50
3888	1.46
3889	1.56
3890	1.68
3891	1.57
3892	1.32
3893	1.19
3894	1.18
3895	1.16
3896	1.19
3897	1.11
3898	1.06
3899	1.04
3900	1.01
3901	1.10
3902	1.17
3903	1.09
3904	1.13
3905	1.10
3906	1.18
3907	1.07
3908	0.900
3909	0.920
3910	1
3911	0.990
3912	1.02
3913	0.900
3914	0.940
3915	0.890
3916	0.980
3917	1.01
3918	0.990
3919	0.990
3920	1.04
3921	0.980
3922	0.830
3923	0.780
3924	0.760
3925	0.730
3926	0.680
3927	0.610
3928	0.670
3929	0.600
3930	0.690
3931	0.650
3932	0.790
3933	0.900
3934	0.880
3935	0.950
3936	0.970
3937	0.780
3938	0.790
3939	0.770
3940	0.720
3941	0.740
3942	0.640
3943	0.600
3944	0.550
3945	0.650
3946	0.660
3947	0.640
3948	0.600
3949	0.640
3950	0.670
3951	0.700
3952	0.600
3953	0.660
3954	0.640
3955	0.710
3956	0.670
3957	0.910
3958	0.820
3959	0.980
3960	1.27
3961	1.93
3962	1.92
3963	1.65
3964	1.49
3965	1.21
3966	1.06
3967	1.22
3968	1.27
3969	1.21
3970	1.09
3971	0.950
3972	0.730
3973	0.650
3974	0.790
3975	0.790
3976	1.15
3977	1.25
3978	1.30
3979	1.39
3980	1.36
3981	1.18
3982	1.29
3983	1.39
3984	1.14
3985	1
3986	1.07
3987	1.07
3988	1.02
3989	1.14
3990	1.39
3991	1.46
3992	1.59
3993	1.48
3994	1.61
3995	1.30
3996	1.34
3997	1.40
3998	1.33
3999	1.48
4000	1.50
4001	1.25
4002	1.25
4003	1.25
4004	1.16
4005	1.28
4006	1.32
4007	1.34
4008	1.45
4009	1.25
4010	1.31
4011	1.32
4012	1.07
4013	1.04
4014	0.920
4015	0.900
4016	0.790
4017	1.03
4018	1.40
4019	1.61
4020	1.78
4021	1.39
4022	1.28
4023	0.900
4024	0.720
4025	0.710
4026	0.650
4027	0.820
4028	0.850
4029	1.08
4030	1.31
4031	1.46
4032	1.50
4033	1.47
4034	1.40
4035	1.31
4036	1.14
4037	1.14
4038	1.08
4039	1.19
4040	1.24
4041	1.45
4042	1.14
4043	1.29
4044	1.18
4045	1.09
4046	0.930
4047	0.850
4048	0.880
4049	0.840
4050	0.870
4051	0.740
4052	1.02
4053	1.20
4054	1.29
4055	1.21
4056	1.25
4057	1.37
4058	1.63
4059	1.71
4060	1.84
4061	1.94
4062	2.27
4063	1.76
4064	1.96
4065	1.97
4066	1.68
4067	1.57
4068	1.61
4069	1.84
4070	2.08
4071	2.07
4072	2.43
4073	2.28
4074	1.89
4075	2.32
4076	2.53
4077	3.04
4078	3.61
4079	3.53
4080	3.75
4081	3.39
4082	3.01
4083	3.49
4084	2.41
4085	2.16
4086	2.30
4087	2.33
4088	2.13
4089	2
4090	1.88
4091	1.43
4092	1.35
4093	1.20
4094	1.24
4095	1.18
4096	1.29
4097	1.64
4098	1.55
4099	1.55
4100	1.16
4101	1.19
4102	1.19
4103	0.980
4104	0.900
4105	0.840
4106	0.800
4107	0.820
4108	0.910
4109	1.20
4110	1.62
4111	1.93
4112	1.72
4113	1.87
4114	1.64
4115	2.07
4116	3.19
4117	2.79
4118	2.50
4119	2.16
4120	2.15
4121	1.58
4122	1.38
4123	1.29
4124	1.10
4125	1.25
4126	1.20
4127	1.29
4128	1.56
4129	1.48
4130	1.38
4131	1.36
4132	1.49
4133	1.59
4134	1.55
4135	1.49
4136	1.25
4137	1.15
4138	1.27
4139	1.44
4140	1.66
4141	1.47
4142	1.45
4143	1.66
4144	2.26
4145	2.10
4146	3.92
4147	5.39
4148	5.11
4149	3.33
4150	4.13
4151	4.32
4152	3.97
4153	4.23
4154	3.87
4155	3.67
4156	3.06
4157	3.27
4158	3.08
4159	2.78
4160	3.19
4161	2.72
4162	2.97
4163	2.99
4164	2.42
4165	2.11
4166	1.72
4167	1.35
4168	1.34
4169	1.30
4170	1.10
4171	1.32
4172	1.53
4173	1.45
4174	1.42
4175	1.47
4176	1.64
4177	1.52
4178	1.29
4179	1.15
4180	1.47
4181	1.34
4182	1.36
4183	1.64
4184	2.16
4185	2.23
4186	1.96
4187	1.90
4188	1.87
4189	1.50
4190	1.16
4191	0.990
4192	1.06
4193	1.15
4194	1.11
4195	1.03
4196	1.14
4197	1.16
4198	0.970
4199	0.900
4200	1
4201	1.53
4202	2.26
4203	2.44
4204	2.18
4205	2.05
4206	1.92
4207	1.90
4208	1.88
4209	1.64
4210	1.47
4211	1.38
4212	1.36
4213	1.21
4214	1.31
4215	1.47
4216	2.53
4217	2.16
4218	2.64
4219	2.82
4220	2.32
4221	2.16
4222	1.75
4223	1.73
4224	1.80
4225	2.04
4226	2.13
4227	2.45
4228	2.49
4229	2.61
4230	2.90
4231	2.61
4232	2.30
4233	2.56
4234	2.44
4235	2.55
4236	2.25
4237	2.02
4238	1.88
4239	1.95
4240	1.94
4241	2.28
4242	2.10
4243	2.24
4244	2.07
4245	1.99
4246	1.80
4247	1.90
4248	1.71
4249	1.94
4250	2.37
4251	2.07
4252	2.55
4253	2.76
4254	2.53
4255	3.03
4256	2.75
4257	2.53
4258	2.30
4259	2.18
4260	2.22
4261	2.34
4262	2.32
4263	2.24
4264	2.30
4265	2.49
4266	2.67
4267	2.20
4268	2.15
4269	2.34
4270	2.82
4271	2.95
4272	3.08
4273	2.74
4274	2.39
4275	2.41
4276	2.43
4277	2.36
4278	2.49
4279	2.31
4280	2.52
4281	2.79
4282	2.92
4283	2.64
4284	2.56
4285	2.56
4286	2.58
4287	2.25
4288	2.34
4289	2.14
4290	1.79
4291	2.31
4292	2.41
4293	4.40
4294	4.20
4295	3.92
4296	4.39
4297	4.06
4298	3.57
4299	3.18
4300	3.54
4301	3.39
4302	2.97
4303	2.78
4304	2.58
4305	2.49
4306	2.23
4307	2.05
4308	1.64
4309	1.70
4310	1.66
4311	1.85
4312	1.69
4313	1.67
4314	1.63
4315	1.63
4316	1.59
4317	1.57
4318	1.90
4319	1.61
4320	1.49
4321	1.37
4322	1.45
4323	1.33
4324	1.38
4325	1.18
4326	1.12
4327	1.17
4328	1.03
4329	1.02
4330	1.06
4331	1.31
4332	1.33
4333	1.25
4334	1.13
4335	1.08
4336	0.900
4337	1
4338	1.08
4339	1.16
4340	1.05
4341	1.04
4342	0.900
4343	0.940
4344	1.09
4345	0.980
4346	1.11
4347	1.14
4348	1.29
4349	1.17
4350	1.09
4351	0.970
4352	0.900
4353	0.960
4354	1.25
4355	1.45
4356	1.14
4357	1.19
4358	1.21
4359	1.31
4360	1.29
4361	1.09
4362	0.980
4363	1.01
4364	1.07
4365	1.28
4366	1.38
4367	1.64
4368	1.72
4369	2.22
4370	2.19
4371	1.86
4372	1.53
4373	1.76
4374	1.50
4375	1.43
4376	1.17
4377	1.06
4378	1.04
4379	1
4380	0.890
4381	0.790
4382	0.830
4383	0.870
4384	1.03
4385	1.24
4386	1.81
4387	1.94
4388	1.65
4389	1.41
4390	1.15
4391	1.15
4392	1.15
4393	1.17
4394	1.18
4395	1.36
4396	1.71
4397	1.86
4398	1.99
4399	1.87
4400	1.88
4401	1.74
4402	1.51
4403	1.54
4404	1.53
4405	1.35
4406	1.34
4407	1.24
4408	1.38
4409	1.44
4410	1.47
4411	1.60
4412	1.78
4413	1.46
4414	1.48
4415	2.07
4416	2.89
4417	4.42
4418	4.64
4419	3.80
4420	2.86
4421	2.54
4422	2.04
4423	1.87
4424	1.72
4425	1.64
4426	1.87
4427	2.12
4428	2.23
4429	2.73
4430	2.38
4431	2.58
4432	2.57
4433	2.15
4434	2.09
4435	2.08
4436	2.03
4437	1.83
4438	1.96
4439	1.93
4440	1.82
4441	1.79
4442	1.98
4443	2.09
4444	1.89
4445	2.22
4446	2.06
4447	2.35
4448	2.10
4449	1.80
4450	1.91
4451	1.96
4452	2.24
4453	2.31
4454	2.16
4455	2.30
4456	2.34
4457	1.95
4458	1.82
4459	1.81
4460	1.93
4461	2.11
4462	1.86
4463	1.78
4464	1.78
4465	1.75
4466	1.60
4467	1.51
4468	1.45
4469	1.34
4470	1.26
4471	1.09
4472	0.950
4473	0.960
4474	1.01
4475	1.01
4476	1.16
4477	1.67
4478	1.55
4479	1.35
4480	1.59
4481	2.10
4482	2.11
4483	2
4484	2.38
4485	2.12
4486	1.88
4487	1.56
4488	1.51
4489	3.05
4490	3.85
4491	4.25
4492	4.63
4493	4.61
4494	4.84
4495	3.86
4496	3.50
4497	3.43
4498	3.56
4499	2.91
4500	2.94
4501	2.68
4502	2.51
4503	2.11
4504	1.78
4505	1.44
4506	1.82
4507	2.19
4508	2.53
4509	2.81
4510	3.85
4511	4.55
4512	4.12
4513	2.76
4514	2.47
4515	2.16
4516	1.98
4517	2.28
4518	2.28
4519	1.97
4520	1.81
4521	2.07
4522	2.40
4523	2.43
4524	2.23
4525	2.06
4526	1.80
4527	1.77
4528	1.88
4529	1.78
4530	1.87
4531	2
4532	3.50
4533	3.62
4534	3.36
4535	3.53
4536	3.14
4537	2.72
4538	2.49
4539	2.16
4540	1.78
4541	1.62
4542	1.51
4543	1.36
4544	1.20
4545	1.50
4546	1.82
4547	1.87
4548	1.98
4549	2.73
4550	3.32
4551	4.96
4552	6.40
4553	5.35
4554	4.82
4555	4.78
4556	4.31
4557	4.84
4558	3.94
4559	3.69
4560	3.04
4561	2.62
4562	2.29
4563	2.76
4564	2.56
4565	2.26
4566	1.84
4567	2.39
4568	2.66
4569	3.77
4570	3.98
4571	3.57
4572	3.17
4573	2.54
4574	2.46
4575	2.38
4576	2.19
4577	2.16
4578	2.07
4579	2.37
4580	2.44
4581	2.57
4582	2.03
4583	2.09
4584	2.44
4585	3.31
4586	3.96
4587	3.46
4588	2.88
4589	2.90
4590	2.22
4591	2.27
4592	2.03
4593	2.29
4594	2.25
4595	2.30
4596	2.39
4597	2.01
4598	1.93
4599	1.87
4600	1.73
4601	1.88
4602	1.79
4603	1.68
4604	1.66
4605	1.59
4606	2.29
4607	2.40
4608	1.99
4609	1.65
4610	1.79
4611	1.73
4612	1.84
4613	1.70
4614	1.53
4615	1.54
4616	1.52
4617	1.48
4618	1.46
4619	1.68
4620	1.68
4621	1.72
4622	2.05
4623	2.16
4624	2.35
4625	2.38
4626	2.30
4627	1.91
4628	1.92
4629	1.68
4630	1.49
4631	1.79
4632	1.52
4633	1.76
4634	1.73
4635	1.93
4636	2.15
4637	1.74
4638	1.72
4639	1.48
4640	1.39
4641	1.41
4642	1.33
4643	1.31
4644	1.23
4645	1.28
4646	1.26
4647	1.66
4648	1.84
4649	1.61
4650	2.08
4651	2.07
4652	2.01
4653	1.70
4654	1.63
4655	1.38
4656	1.30
4657	1.19
4658	1.17
4659	1.30
4660	1.43
4661	1.39
4662	1.47
4663	1.39
4664	1.49
4665	1.37
4666	1.31
4667	1.39
4668	1.34
4669	1.52
4670	1.49
4671	1.70
4672	2.13
4673	2.56
4674	2.83
4675	2.89
4676	2.24
4677	2.34
4678	2.17
4679	1.94
4680	1.69
4681	1.48
4682	1.22
4683	1.53
4684	1.51
4685	1.44
4686	1.73
4687	1.67
4688	1.77
4689	1.38
4690	1.58
4691	1.69
4692	1.53
4693	1.22
4694	1.25
4695	1.61
4696	2.76
4697	2.46
4698	2.53
4699	2.35
4700	2.37
4701	1.69
4702	1.39
4703	1.09
4704	0.960
4705	0.960
4706	0.900
4707	0.820
4708	1.53
4709	1.31
4710	1.15
4711	1.07
4712	1.09
4713	1.24
4714	1.24
4715	1.16
4716	1.07
4717	1.81
4718	1.71
4719	1.80
4720	1.93
4721	1.91
4722	1.65
4723	2.10
4724	2.61
4725	2.33
4726	2.61
4727	2.22
4728	1.82
4729	1.85
4730	1.96
4731	2.13
4732	1.95
4733	1.89
4734	2.21
4735	2.23
4736	2.51
4737	2.16
4738	2.30
4739	2.50
4740	2.40
4741	2.07
4742	1.93
4743	1.72
4744	1.40
4745	1.28
4746	1.19
4747	1.10
4748	1.14
4749	1.09
4750	1.05
4751	1.10
4752	1.02
4753	1.74
4754	2.25
4755	2.03
4756	2.02
4757	1.83
4758	1.72
4759	1.72
4760	1.62
4761	1.64
4762	1.38
4763	1.35
4764	1.32
4765	1.28
4766	2.21
4767	2.25
4768	2.14
4769	2.02
4770	1.96
4771	1.93
4772	1.86
4773	1.98
4774	1.94
4775	1.61
4776	1.52
4777	1.35
4778	1.23
4779	1.20
4780	1.24
4781	1.13
4782	1.15
4783	1.12
4784	1.17
4785	1.08
4786	1.07
4787	1.12
4788	1.18
4789	1.31
4790	1.31
4791	1.23
4792	1.25
4793	1.13
4794	1.08
4795	0.900
4796	1.28
4797	1.30
4798	1.69
4799	1.37
4800	1.16
4801	1.23
4802	1.11
4803	1.08
4804	1
4805	1.02
4806	1.03
4807	0.900
4808	0.890
4809	0.960
4810	1.35
4811	2.06
4812	2.07
4813	2.20
4814	1.85
4815	1.44
4816	1.58
4817	1.57
4818	1.66
4819	1.24
4820	1.16
4821	1.13
4822	1.04
4823	0.850
4824	0.910
4825	0.950
4826	0.880
4827	0.950
4828	1
4829	1.22
4830	1.08
4831	0.990
4832	1.09
4833	1.02
4834	1.14
4835	1.33
4836	1.41
4837	1.39
4838	1.53
4839	1.33
4840	1.31
4841	1.32
4842	1.28
4843	1.40
4844	1.36
4845	2.12
4846	1.73
4847	1.74
4848	1.73
4849	1.69
4850	1.60
4851	1.94
4852	1.83
4853	1.77
4854	1.38
4855	1.32
4856	1.32
4857	1.21
4858	1.11
4859	1.11
4860	1.62
4861	1.61
4862	1.45
4863	1.59
4864	1.68
4865	2.03
4866	1.82
4867	1.85
4868	1.65
4869	1.47
4870	1.32
4871	1.60
4872	1.84
4873	2.23
4874	3.04
4875	3.01
4876	2.83
4877	2.60
4878	2.49
4879	2.34
4880	2.17
4881	2.08
4882	1.97
4883	1.95
4884	2.60
4885	2.67
4886	2.47
4887	2.18
4888	2.04
4889	1.76
4890	1.69
4891	1.63
4892	1.51
4893	1.35
4894	1.31
4895	1.33
4896	1.54
4897	1.40
4898	1.45
4899	1.36
4900	1.28
4901	1.34
4902	1.25
4903	1.44
4904	1.37
4905	1.48
4906	1.58
4907	1.56
4908	1.50
4909	1.60
4910	1.53
4911	1.52
4912	1.61
4913	1.47
4914	1.41
4915	1.22
4916	1.34
4917	1.47
4918	1.25
4919	1.11
4920	1.25
4921	1.22
4922	1.23
4923	1.51
4924	1.55
4925	1.46
4926	1.46
4927	1.49
4928	1.49
4929	1.73
4930	1.63
4931	1.70
4932	1.66
4933	1.68
4934	1.46
4935	1.24
4936	1.35
4937	1.32
4938	1.33
4939	1.21
4940	0.940
4941	0.790
4942	0.780
4943	0.750
4944	0.670
4945	0.720
4946	0.740
4947	0.730
4948	0.760
4949	0.760
4950	0.730
4951	0.670
4952	0.560
4953	0.580
4954	0.620
4955	0.670
4956	0.720
4957	1.03
4958	1.08
4959	1.15
4960	1.11
4961	1.14
4962	1.10
4963	1.11
4964	1.13
4965	1.31
4966	1.87
4967	2.15
4968	2.10
4969	2.20
4970	2.13
4971	2.11
4972	2.07
4973	2.21
4974	2.35
4975	2.30
4976	2.17
4977	2.35
4978	2
4979	2.10
4980	1.92
4981	1.71
4982	1.92
4983	2.02
4984	1.73
4985	1.51
4986	1.46
4987	1.42
4988	1.22
4989	1.10
4990	1.16
4991	1.02
4992	1.10
4993	1.05
4994	1
4995	1.14
4996	1.06
4997	1.01
4998	1.05
4999	1.10
5000	1
5001	1.07
5002	1.15
5003	1.22
5004	1.27
5005	1.30
5006	1.32
5007	1.30
5008	1.22
5009	1.33
5010	1.14
5011	1.24
5012	1.16
5013	1.04
5014	0.830
5015	0.930
5016	0.820
5017	0.880
5018	0.960
5019	0.810
5020	0.980
5021	1.24
5022	1.57
5023	1.91
5024	1.75
5025	1.54
5026	1.49
5027	1.44
5028	1.13
5029	1.02
5030	1
5031	0.880
5032	0.920
5033	0.780
5034	0.810
5035	0.810
5036	0.740
5037	0.780
5038	0.840
5039	0.900
5040	0.970
5041	0.880
5042	0.950
5043	0.890
5044	0.950
5045	0.940
5046	0.910
5047	1
5048	0.930
5049	1.05
5050	1.13
5051	1.05
5052	1.07
5053	0.890
5054	0.890
5055	0.920
5056	0.840
5057	0.820
5058	0.770
5059	0.750
5060	0.740
5061	0.710
5062	0.670
5063	0.690
5064	0.720
5065	0.710
5066	0.820
5067	0.820
5068	0.810
5069	0.820
5070	0.990
5071	0.980
5072	0.860
5073	0.870
5074	0.950
5075	0.770
5076	0.830
5077	0.850
5078	0.920
5079	1
5080	1.13
5081	1.04
5082	1.20
5083	1.31
5084	1.33
5085	1.44
5086	1.20
5087	1.37
5088	1.27
5089	1.16
5090	1.14
5091	1.22
5092	1.30
5093	1.28
5094	1.20
5095	1.23
5096	1.31
5097	1.27
5098	1.22
5099	1.32
5100	1.26
5101	1.20
5102	1.16
5103	1.19
5104	1.35
5105	1.62
5106	1.59
5107	1.48
5108	1.31
5109	1.26
5110	1.80
5111	1.64
5112	1.28
5113	1.30
5114	1.28
5115	1.35
5116	1.35
5117	1.30
5118	1.21
5119	1.17
5120	1.18
5121	1.21
5122	1.21
5123	1.05
5124	1.20
5125	1.23
5126	1.23
5127	1.14
5128	1.21
5129	1.12
5130	1.21
5131	1.21
5132	1.08
5133	1.16
5134	1.19
5135	1.10
5136	1.13
5137	1.11
5138	1.06
5139	1.11
5140	1.07
5141	1.08
5142	1.04
5143	0.980
5144	1
5145	0.980
5146	0.950
5147	0.870
5148	0.810
5149	0.720
5150	0.740
5151	0.830
5152	0.760
5153	0.770
5154	0.700
5155	0.770
5156	0.740
5157	0.830
5158	0.780
5159	0.830
5160	0.880
5161	1.03
5162	1.17
5163	1.36
5164	1.21
5165	1.22
5166	1.40
5167	1.22
5168	1.45
5169	1.19
5170	1.13
5171	1.11
5172	1.12
5173	1.20
5174	1.36
5175	1.31
5176	1.13
5177	1.13
5178	1.25
5179	1.26
5180	1.14
5181	1.06
5182	1.12
5183	0.910
5184	0.900
5185	0.830
5186	0.710
5187	0.710
5188	0.720
5189	0.700
5190	0.760
5191	0.750
5192	0.780
5193	0.760
5194	0.800
5195	0.810
5196	0.910
5197	0.920
5198	0.950
5199	1.03
5200	0.990
5201	0.980
5202	1.08
5203	1.09
5204	1.21
5205	1.21
5206	1.28
5207	1.37
5208	1.39
5209	1.52
5210	1.34
5211	1.22
5212	1.17
5213	1.13
5214	1.02
5215	0.990
5216	0.920
5217	0.930
5218	0.920
5219	0.950
5220	1.06
5221	0.970
5222	0.940
5223	0.930
5224	0.910
5225	0.900
5226	0.920
5227	0.930
5228	0.950
5229	0.980
5230	1.07
5231	1.21
5232	1.11
5233	1.07
5234	1.14
5235	1
5236	1.05
5237	1.07
5238	1.08
5239	1.08
5240	1.12
5241	1.07
5242	1.03
5243	0.910
5244	1.17
5245	1.43
5246	1.24
5247	1.38
5248	1.46
5249	1.36
5250	1.37
5251	1.23
5252	1.04
5253	1.12
5254	1.05
5255	0.880
5256	1
5257	0.950
5258	0.870
5259	0.880
5260	0.830
5261	0.750
5262	0.750
5263	0.820
5264	0.990
5265	1.01
5266	1.26
5267	1.60
5268	1.43
5269	1.12
5270	1.06
5271	1.07
5272	1.11
5273	1.26
5274	1.21
5275	1.05
5276	1.02
5277	1.09
5278	0.970
5279	0.890
5280	0.790
5281	0.790
5282	0.740
5283	0.760
5284	0.740
5285	0.710
5286	0.670
5287	0.720
5288	0.680
5289	0.760
5290	0.630
5291	0.610
5292	0.610
5293	0.660
5294	0.720
5295	0.690
5296	0.780
5297	0.820
5298	0.870
5299	0.900
5300	1.09
5301	1.09
5302	0.920
5303	1.06
5304	0.920
5305	0.850
5306	0.790
5307	0.750
5308	0.710
5309	0.650
5310	0.630
5311	0.590
5312	0.650
5313	0.750
5314	0.710
5315	0.710
5316	0.610
5317	0.580
5318	0.530
5319	0.510
5320	0.570
5321	0.580
5322	0.630
5323	0.610
5324	0.590
5325	0.790
5326	0.870
5327	0.920
5328	1.12
5329	1.24
5330	1.19
5331	1.28
5332	1.08
5333	1.05
5334	1.26
5335	1.37
5336	1.24
5337	1.18
5338	1.11
5339	0.970
5340	1.11
5341	1.21
5342	1.20
5343	1.34
5344	1.35
5345	1.77
5346	1.67
5347	1.78
5348	1.82
5349	1.64
5350	1.84
5351	1.60
5352	1.44
5353	1.47
5354	1.28
5355	1.19
5356	1.20
5357	1.04
5358	0.920
5359	0.950
5360	0.920
5361	0.790
5362	0.780
5363	0.670
5364	0.680
5365	0.610
5366	0.550
5367	0.530
5368	0.500
5369	0.520
5370	0.570
5371	0.670
5372	0.550
5373	0.510
5374	0.520
5375	0.530
5376	0.530
5377	0.640
5378	0.530
5379	0.510
5380	0.510
5381	0.500
5382	0.560
5383	0.690
5384	0.780
5385	0.830
5386	0.910
5387	0.830
5388	0.920
5389	0.950
5390	1.13
5391	0.950
5392	0.840
5393	0.840
5394	0.800
5395	0.780
5396	0.880
5397	1.04
5398	0.920
5399	0.820
5400	0.780
5401	0.810
5402	0.650
5403	0.550
5404	0.630
5405	0.700
5406	0.960
5407	0.990
5408	1.10
5409	1.15
5410	1.10
5411	1.07
5412	1.07
5413	0.990
5414	0.990
5415	0.980
5416	1.05
5417	1.20
5418	1.35
5419	1.50
5420	1.62
5421	1.57
5422	1.70
5423	1.62
5424	1.45
5425	1.51
5426	1.40
5427	1.39
5428	1.32
5429	1.31
5430	1.11
5431	1.23
5432	1.13
5433	1.02
5434	1.02
5435	1.11
5436	1.37
5437	1.28
5438	1.24
5439	1.15
5440	1.08
5441	0.920
5442	0.960
5443	0.950
5444	0.910
5445	1.09
5446	0.980
5447	1.22
5448	1.48
5449	1.79
5450	2.19
5451	2.05
5452	1.96
5453	1.65
5454	1.63
5455	1.60
5456	1.31
5457	1.34
5458	1.28
5459	1.11
5460	1.12
5461	1.26
5462	1.33
5463	1.35
5464	1.48
5465	1.62
5466	2.28
5467	2.24
5468	2.69
5469	2.61
5470	2.63
5471	3.65
5472	3.81
5473	4.81
5474	4.65
5475	3.69
5476	3.67
5477	3.58
5478	3.86
5479	3.99
5480	4.04
5481	3.85
5482	3.98
5483	4.34
5484	3.99
5485	3.93
5486	4.43
5487	5.77
5488	7.56
5489	5.13
5490	3.86
5491	2.95
5492	2.91
5493	2.85
5494	2.44
5495	2.21
5496	2.25
5497	2.59
5498	2.86
5499	3.05
5500	2.59
5501	2.21
5502	1.91
5503	1.58
5504	1.64
5505	1.81
5506	1.61
5507	1.65
5508	1.46
5509	1.49
5510	1.56
5511	1.48
5512	1.56
5513	1.40
5514	1.37
5515	1.09
5516	1.22
5517	1.33
5518	1.28
5519	1.23
5520	1.36
5521	1.35
5522	1.38
5523	1.40
5524	1.47
5525	1.37
5526	1.67
5527	1.37
5528	1.23
5529	1.16
5530	1.15
5531	1.13
5532	1.05
5533	1.08
5534	1.44
5535	1.19
5536	1.07
5537	1.07
5538	1.03
5539	1.15
5540	0.930
5541	0.860
5542	0.850
5543	0.840
5544	0.710
5545	0.850
5546	0.870
5547	0.780
5548	0.710
5549	1.05
5550	1.02
5551	3.21
5552	3.84
5553	3.13
5554	3.35
5555	2.82
5556	2.61
5557	2.79
5558	2.66
5559	2.62
5560	2.83
5561	2.59
5562	2.51
5563	2.67
5564	2.75
5565	2.32
5566	2.20
5567	1.97
5568	2.03
5569	2.06
5570	2.05
5571	2.16
5572	2.13
5573	1.86
5574	1.89
5575	1.77
5576	1.92
5577	1.75
5578	1.89
5579	1.54
5580	1.49
5581	1.81
5582	1.61
5583	1.40
5584	1.41
5585	1.40
5586	1.40
5587	1.36
5588	1.37
5589	1.30
5590	1.40
5591	1.45
5592	1.48
5593	1.71
5594	1.70
5595	1.73
5596	1.57
5597	1.33
5598	1.28
5599	1.04
5600	1
5601	1.08
5602	1.03
5603	0.990
5604	0.950
5605	0.940
5606	1.05
5607	0.980
5608	1
5609	0.920
5610	0.870
5611	0.970
5612	0.940
5613	0.870
5614	0.910
5615	0.970
5616	0.880
5617	0.980
5618	0.980
5619	0.980
5620	1.14
5621	1.37
5622	1.52
5623	1.60
5624	1.75
5625	2.05
5626	2.19
5627	1.95
5628	2.01
5629	2.05
5630	1.76
5631	1.55
5632	1.56
5633	1.64
5634	1.72
5635	1.72
5636	2.06
5637	2.07
5638	1.97
5639	1.82
5640	1.67
5641	1.74
5642	1.52
5643	1.52
5644	1.37
5645	1.36
5646	1.27
5647	1.23
5648	1.18
5649	1.28
5650	1.40
5651	1.34
5652	1.19
5653	1.30
5654	1.47
5655	1.42
5656	1.20
5657	1.10
5658	1.42
5659	1.67
5660	1.93
5661	2.10
5662	2.19
5663	1.77
5664	1.65
5665	1.53
5666	1.77
5667	1.72
5668	1.70
5669	2.23
5670	2.02
5671	2.26
5672	2.29
5673	2.18
5674	3.89
5675	2.58
5676	2.19
5677	2.14
5678	1.88
5679	1.67
5680	1.57
5681	1.68
5682	1.83
5683	1.78
5684	1.85
5685	2.25
5686	2.91
5687	2.64
5688	2.42
5689	2.69
5690	2.31
5691	2.47
5692	2.13
5693	1.98
5694	2.48
5695	2.72
5696	2.68
5697	2.81
5698	2.88
5699	3.34
5700	3.44
5701	4.35
5702	4.59
5703	4.46
5704	4.70
5705	4.83
5706	5.08
5707	4.64
5708	5.57
5709	4.72
5710	4.33
5711	3.98
5712	3.83
5713	3.15
5714	2.91
5715	2.48
5716	2.40
5717	2.52
5718	2.33
5719	1.73
5720	1.70
5721	1.66
5722	1.63
5723	1.38
5724	1.41
5725	1.39
5726	1.31
5727	1.49
5728	1.50
5729	1.38
5730	1.49
5731	1.35
5732	1.24
5733	1.19
5734	1.19
5735	1.12
5736	1.16
5737	1.23
5738	1.71
5739	1.96
5740	2.16
5741	2.45
5742	2.58
5743	2.62
5744	2.18
5745	2.07
5746	2.04
5747	2
5748	1.82
5749	1.89
5750	1.80
5751	1.69
5752	1.48
5753	1.37
5754	1.20
5755	1.49
5756	1.73
5757	2.05
5758	2.14
5759	1.87
5760	1.53
5761	1.79
5762	1.62
5763	1.62
5764	1.56
5765	1.65
5766	1.32
5767	1.67
5768	1.77
5769	2.16
5770	2.30
5771	2.19
5772	2.25
5773	2.32
5774	2.08
5775	2.10
5776	1.82
5777	1.54
5778	1.63
5779	1.43
5780	1.27
5781	1.08
5782	0.960
5783	0.870
5784	0.850
5785	0.830
5786	0.790
5787	0.770
5788	0.830
5789	0.870
5790	1.02
5791	1.26
5792	1.59
5793	1.68
5794	1.42
5795	1.34
5796	1.33
5797	1.95
5798	2.43
5799	2.42
5800	2.62
5801	2.53
5802	2.40
5803	2.44
5804	2.63
5805	2.42
5806	2.38
5807	2.46
5808	2.34
5809	2.47
5810	2.29
5811	2.26
5812	2.34
5813	2.34
5814	2.28
5815	2.25
5816	2.22
5817	2.09
5818	1.96
5819	1.99
5820	2.16
5821	2.30
5822	2.18
5823	1.86
5824	1.68
5825	1.90
5826	2.06
5827	1.86
5828	1.78
5829	1.93
5830	1.89
5831	1.91
5832	1.77
5833	1.71
5834	1.62
5835	1.64
5836	1.72
5837	1.61
5838	1.57
5839	1.37
5840	1.49
5841	1.57
5842	1.61
5843	1.48
